1.6 2 1 0 2 1.64976 0.00831301 0.00831301 0.00501465 0.00501465 1 1
1.6 2 3 2 4 3.41474 0.0104642 0.0104642 0.00703082 0.00703082 1 1
1.6 2 5 4 6 3.43436 0.0105244 0.0105244 0.00707122 0.00707122 1 1
1.6 2 7 6 8 2.9545 0.00905385 0.00905385 0.00608321 0.00608321 1 1
1.6 2 9 8 10 2.48477 0.0100597 0.0100597 0.00511605 0.00511605 1 1
1.6 2 11.5 10 13 2.01314 0.00616911 0.00616911 0.00414498 0.00414498 1 1
1.6 2 14.5 13 16 1.57569 0.00637926 0.00637926 0.00324429 0.00324429 1 1
1.6 2 18 16 20 1.21168 0.00490555 0.00490555 0.00249481 0.00249481 1 1
1.6 2 22.5 20 25 0.888187 0.00359586 0.00359586 0.00182874 0.00182874 1 1
1.6 2 27.5 25 30 0.648889 0.0032697 0.0032697 0.00133604 0.00133604 1 1
1.6 2 33.5 30 37 0.46834 0.00189609 0.00189609 0.000964293 0.000964293 1 1
1.6 2 41 37 45 0.316151 0.00159306 0.00159306 0.000650944 0.000650944 1 1
1.6 2 50 45 55 0.205176 0.00103386 0.00103386 0.000422449 0.000422449 1 1
1.6 2 60 55 65 0.129904 0.000912949 0.000912949 0.000394861 0.000394861 1 1
1.6 2 70 65 75 0.0854001 0.000685283 0.000685283 0.000344146 0.000344146 1 1
1.6 2 80 75 85 0.0580202 0.000581334 0.000581334 0.00023381 0.00023381 1 1
1.6 2 95 85 105 0.033489 0.000268729 0.000268729 0.000134954 0.000134954 1 1
1.6 2 127.5 105 150 0.0130158 0.000104443 0.000104443 3.9563e-05 3.9563e-05 1 1
1.6 2 175 150 200 0.00380724 5.71581e-05 5.71581e-05 1.91271e-05 1.91271e-05 1 1
1.6 2 550 200 900 0.000130411 2.73984e-06 2.73984e-06 9.15103e-07 9.15103e-07 1 1
