0.8 1.2 1 0 2 3.1425 0.0126637 0.0126637 0.00641122 0.00641122 1 1
0.8 1.2 3 2 4 6.50409 0.0133918 0.0133918 0.00701195 0.00701195 1 1
0.8 1.2 5 4 6 6.59683 0.0135827 0.0135827 0.00711192 0.00711192 1 1
0.8 1.2 7 6 8 5.68688 0.0172861 0.0172861 0.00613093 0.00613093 1 1
0.8 1.2 9 8 10 4.74795 0.0144321 0.0144321 0.00511869 0.00511869 1 1
0.8 1.2 11.5 10 13 3.76034 0.0114301 0.0114301 0.00405396 0.00405396 1 1
0.8 1.2 14.5 13 16 2.91994 0.00887557 0.00887557 0.00314794 0.00314794 1 1
0.8 1.2 18 16 20 2.18851 0.00665228 0.00665228 0.00235939 0.00235939 1 1
0.8 1.2 22.5 20 25 1.57067 0.00477428 0.00477428 0.00169332 0.00169332 1 1
0.8 1.2 27.5 25 30 1.12358 0.00341528 0.00341528 0.00121131 0.00121131 1 1
0.8 1.2 33.5 30 37 0.785568 0.00238784 0.00238784 0.000846907 0.000846907 1 1
0.8 1.2 41 37 45 0.526726 0.00160106 0.00160106 0.000567854 0.000567854 1 1
0.8 1.2 50 45 55 0.340795 0.00137334 0.00137334 0.000695278 0.000695278 1 1
0.8 1.2 60 55 65 0.221053 0.00111055 0.00111055 0.000450985 0.000450985 1 1
0.8 1.2 70 65 75 0.14478 0.000871564 0.000871564 0.000295375 0.000295375 1 1
0.8 1.2 80 75 85 0.0966398 0.000678129 0.000678129 0.000292521 0.000292521 1 1
0.8 1.2 95 85 105 0.056011 0.000337182 0.000337182 0.000114272 0.000114272 1 1
0.8 1.2 127.5 105 150 0.0212244 0.000127769 0.000127769 6.42445e-05 6.42445e-05 1 1
0.8 1.2 175 150 200 0.00600681 7.21416e-05 7.21416e-05 2.41488e-05 2.41488e-05 1 1
0.8 1.2 550 200 900 0.000238905 3.58547e-06 3.58547e-06 1.19839e-06 1.19839e-06 1 1
