2 2.4 1 0 2 0.565131 0.00456754 0.00456754 0.00228761 0.00228761 1 1
2 2.4 3 2 4 1.14652 0.00588237 0.00588237 0.00351251 0.00351251 1 1
2 2.4 5 4 6 1.1273 0.00688702 0.00688702 0.00345364 0.00345364 1 1
2 2.4 7 6 8 0.964481 0.00589228 0.00589228 0.00295481 0.00295481 1 1
2 2.4 9 8 10 0.816652 0.00498915 0.00498915 0.00250191 0.00250191 1 1
2 2.4 11.5 10 13 0.654673 0.00399958 0.00399958 0.00200567 0.00200567 1 1
2 2.4 14.5 13 16 0.507055 0.00359699 0.00359699 0.00155342 0.00155342 1 1
2 2.4 18 16 20 0.396394 0.00242168 0.00242168 0.0012144 0.0012144 1 1
2 2.4 22.5 20 25 0.292702 0.0020764 0.0020764 0.000896729 0.000896729 1 1
2 2.4 27.5 25 30 0.215197 0.00173929 0.00173929 0.000871105 0.000871105 1 1
2 2.4 33.5 30 37 0.155791 0.00110516 0.00110516 0.000477285 0.000477285 1 1
2 2.4 41 37 45 0.110365 0.000892002 0.000892002 0.000338117 0.000338117 1 1
2 2.4 50 45 55 0.0742737 0.000600301 0.000600301 0.000227547 0.000227547 1 1
2 2.4 60 55 65 0.0500086 0.000503383 0.000503383 0.000202431 0.000202431 1 1
2 2.4 70 65 75 0.0324802 0.000423893 0.000423893 0.000195923 0.000195923 1 1
2 2.4 80 75 85 0.021562 0.000345882 0.000345882 0.000130063 0.000130063 1 1
2 2.4 95 85 105 0.0117123 0.000164525 0.000164525 5.90117e-05 5.90117e-05 1 1
2 2.4 127.5 105 150 0.00423426 5.94793e-05 5.94793e-05 2.1334e-05 2.1334e-05 1 1
2 2.4 175 150 200 0.00121305 3.157e-05 3.157e-05 1.21538e-05 1.21538e-05 1 1
2 2.4 550 200 900 3.72741e-05 1.41707e-06 1.41707e-06 4.47888e-07 4.47888e-07 1 1
