0 2.5 1 0 2 17.8079 0.0231764 0.0231764 0.15646 0.15646 1 1
0 2.5 3 2 4 37.6522 0.0236281 0.0236281 0.328014 0.328014 1 1
0 2.5 5 4 6 39.1894 0.0245928 0.0245928 0.341405 0.341405 1 1
0 2.5 7 6 8 34.8834 0.0218906 0.0218906 0.303893 0.303893 1 1
0 2.5 9 8 10 29.8662 0.020666 0.020666 0.26033 0.26033 1 1
0 2.5 11 10 12 25.2642 0.020815 0.020815 0.220506 0.220506 1 1
0 2.5 13 12 14 21.4654 0.0191247 0.0191247 0.187492 0.187492 1 1
0 2.5 15 14 16 18.2607 0.0187455 0.0187455 0.159772 0.159772 1 1
0 2.5 17 16 18 15.6575 0.0171434 0.0171434 0.137125 0.137125 1 1
0 2.5 19 18 20 13.4909 0.015697 0.015697 0.118269 0.118269 1 1
0 2.5 21.25 20 22.5 11.4884 0.0117934 0.0117934 0.100517 0.100517 1 1
0 2.5 23.75 22.5 25 9.70312 0.0106239 0.0106239 0.0849775 0.0849775 1 1
0 2.5 26.25 25 27.5 8.25059 0.010168 0.010168 0.0724073 0.0724073 1 1
0 2.5 28.75 27.5 30 7.03572 0.00964381 0.00964381 0.0618896 0.0618896 1 1
0 2.5 31.5 30 33 5.96535 0.00735168 0.00735168 0.052352 0.052352 1 1
0 2.5 34.5 33 36 4.9974 0.00684991 0.00684991 0.0439596 0.0439596 1 1
0 2.5 37.5 36 39 4.23779 0.00639724 0.00639724 0.0373739 0.0373739 1 1
0 2.5 40.5 39 42 3.59037 0.00592009 0.00592009 0.0317537 0.0317537 1 1
0 2.5 43.5 42 45 3.06907 0.00548909 0.00548909 0.0272264 0.0272264 1 1
0 2.5 46.5 45 48 2.59238 0.00518074 0.00518074 0.0231134 0.0231134 1 1
0 2.5 49.5 48 51 2.19027 0.00483787 0.00483787 0.0196366 0.0196366 1 1
0 2.5 52.5 51 54 1.87238 0.00466173 0.00466173 0.0169239 0.0169239 1 1
0 2.5 55.5 54 57 1.60727 0.00434077 0.00434077 0.0146247 0.0146247 1 1
0 2.5 59 57 61 1.38251 0.00305369 0.00305369 0.0123947 0.0123947 1 1
0 2.5 63 61 65 1.17291 0.00292025 0.00292025 0.0106016 0.0106016 1 1
0 2.5 67.5 65 70 0.995269 0.00226821 0.00226821 0.00894044 0.00894044 1 1
0 2.5 72.5 70 75 0.833599 0.00219267 0.00219267 0.00756779 0.00756779 1 1
0 2.5 77.5 75 80 0.704838 0.00215164 0.00215164 0.00649133 0.00649133 1 1
0 2.5 82.5 80 85 0.600003 0.00208528 0.00208528 0.00561502 0.00561502 1 1
0 2.5 90 85 95 0.481254 0.000995487 0.000995487 0.0042985 0.0042985 1 1
0 2.5 100 95 105 0.356983 0.000938995 0.000938995 0.00324086 0.00324086 1 1
0 2.5 115 105 125 0.242283 0.000433329 0.000433329 0.00214935 0.00214935 1 1
0 2.5 137.5 125 150 0.137007 0.000312237 0.000312237 0.00123072 0.00123072 1 1
0 2.5 162.5 150 175 0.077301 0.000279556 0.000279556 0.000727526 0.000727526 1 1
0 2.5 187.5 175 200 0.0451136 0.000249123 0.000249123 0.000464458 0.000464458 1 1
0 2.5 225 200 250 0.0225159 0.000105258 0.000105258 0.00022216 0.00022216 1 1
0 2.5 275 250 300 0.00898974 8.90274e-05 8.90274e-05 0.000118437 0.000118437 1 1
0 2.5 325 300 350 0.00434549 7.06826e-05 7.06826e-05 8.01356e-05 8.01356e-05 1 1
0 2.5 375 350 400 0.00204237 5.48813e-05 5.48813e-05 5.76792e-05 5.76792e-05 1 1
0 2.5 435 400 470 0.000921207 3.19192e-05 3.19192e-05 3.29075e-05 3.29075e-05 1 1
0 2.5 510 470 550 0.000406522 2.27092e-05 2.27092e-05 2.29823e-05 2.29823e-05 1 1
0 2.5 600 550 650 0.000148455 1.36466e-05 1.36466e-05 1.37074e-05 1.37074e-05 1 1
0 2.5 775 650 900 3.76588e-05 4.26062e-06 4.26062e-06 4.27317e-06 4.27317e-06 1 1
0 2.5 1700 900 2500 1.15841e-06 4.91472e-07 4.91472e-07 4.91575e-07 4.91575e-07 1 1
