0 2.4 1 0 2 14.3692 0.0289189 0.0289189 0.0145772 0.0145772 1 1
0 2.4 3 2 4 29.8529 0.0305958 0.0305958 0.030285 0.030285 1 1
0 2.4 5 4 6 30.0951 0.0308441 0.0308441 0.0305308 0.0305308 1 1
0 2.4 7 6 8 26.095 0.0267444 0.0267444 0.0264728 0.0264728 1 1
0 2.4 9 8 10 21.788 0.0223302 0.0223302 0.0221034 0.0221034 1 1
0 2.4 11 10 12 18.2186 0.018672 0.018672 0.0184823 0.0184823 1 1
0 2.4 13 12 14 15.2791 0.03075 0.03075 0.0155003 0.0155003 1 1
0 2.4 15 14 16 12.9425 0.0260476 0.0260476 0.0131299 0.0131299 1 1
0 2.4 17 16 18 10.999 0.0221361 0.0221361 0.0111582 0.0111582 1 1
0 2.4 19 18 20 9.45385 0.0190264 0.0190264 0.00959071 0.00959071 1 1
0 2.4 21.25 20 22.5 8.01101 0.0161226 0.0161226 0.00812698 0.00812698 1 1
0 2.4 23.75 22.5 25 6.73506 0.0135547 0.0135547 0.00683256 0.00683256 1 1
0 2.4 26.25 25 27.5 5.71754 0.0115069 0.0115069 0.00580031 0.00580031 1 1
0 2.4 28.75 27.5 30 4.87875 0.0146772 0.0146772 0.00494938 0.00494938 1 1
0 2.4 31.5 30 33 4.1331 0.0083181 0.0083181 0.00419293 0.00419293 1 1
0 2.4 34.5 33 36 3.51774 0.0105827 0.0105827 0.00356866 0.00356866 1 1
0 2.4 37.5 36 39 2.96483 0.00891935 0.00891935 0.00300775 0.00300775 1 1
0 2.4 40.5 39 42 2.55082 0.00767385 0.00767385 0.00258774 0.00258774 1 1
0 2.4 43.5 42 45 2.2041 0.0066308 0.0066308 0.00442425 0.00442425 1 1
0 2.4 46.5 45 48 1.91554 0.0076742 0.0076742 0.00384501 0.00384501 1 1
0 2.4 49.5 48 51 1.64204 0.0065785 0.0065785 0.00329603 0.00329603 1 1
0 2.4 52.5 51 54 1.44823 0.00580202 0.00580202 0.00290699 0.00290699 1 1
0 2.4 55.5 54 57 1.26518 0.00633227 0.00633227 0.00253957 0.00253957 1 1
0 2.4 59 57 61 1.09721 0.00439573 0.00439573 0.0022024 0.0022024 1 1
0 2.4 63 61 65 0.91739 0.00459157 0.00459157 0.00184146 0.00184146 1 1
0 2.4 67.5 65 70 0.774182 0.0031016 0.0031016 0.001554 0.001554 1 1
0 2.4 72.5 70 75 0.619669 0.00310147 0.00310147 0.00124385 0.00124385 1 1
0 2.4 77.5 75 80 0.51587 0.00258195 0.00258195 0.00155012 0.00155012 1 1
0 2.4 82.5 80 85 0.42047 0.00252459 0.00252459 0.00126345 0.00126345 1 1
0 2.4 90 85 95 0.312849 0.00125337 0.00125337 0.000627975 0.000627975 1 1
0 2.4 100 95 105 0.221487 0.00110855 0.00110855 0.000444586 0.000444586 1 1
0 2.4 115 105 125 0.1396 0.00055928 0.00055928 0.000280217 0.000280217 1 1
0 2.4 137.5 125 150 0.0724652 0.000362691 0.000362691 0.000145458 0.000145458 1 1
0 2.4 162.5 150 175 0.0375785 0.000263185 0.000263185 0.000112918 0.000112918 1 1
0 2.4 187.5 175 200 0.0205067 0.000205118 0.000205118 8.21014e-05 8.21014e-05 1 1
0 2.4 225 200 250 0.00952384 8.57412e-05 8.57412e-05 3.81301e-05 3.81301e-05 1 1
0 2.4 275 250 300 0.0035845 5.73576e-05 5.73576e-05 2.15157e-05 2.15157e-05 1 1
0 2.4 325 300 350 0.00150153 3.90411e-05 3.90411e-05 1.65188e-05 1.65188e-05 1 1
0 2.4 375 350 400 0.000655202 2.62085e-05 2.62085e-05 9.82866e-06 9.82866e-06 1 1
0 2.4 435 400 470 0.000299605 1.46808e-05 1.46808e-05 5.39314e-06 5.39314e-06 1 1
0 2.4 510 470 550 0.000103368 7.95936e-06 7.95936e-06 2.99772e-06 2.99772e-06 1 1
0 2.4 600 550 650 3.80361e-05 4.22202e-06 4.22202e-06 1.5595e-06 1.5595e-06 1 1
0 2.4 775 650 900 7.46187e-06 1.1939e-06 1.1939e-06 4.40252e-07 4.40252e-07 1 1
