0.4 0.8 1 0 2 3.22568 0.00980489 0.00980489 0.00654525 0.00654525 1 1
0.4 0.8 3 2 4 6.68518 0.0137647 0.0137647 0.00706634 0.00706634 1 1
0.4 0.8 5 4 6 6.76553 0.0139301 0.0139301 0.00715126 0.00715126 1 1
0.4 0.8 7 6 8 5.90215 0.0179404 0.0179404 0.00623866 0.00623866 1 1
0.4 0.8 9 8 10 4.88168 0.0148386 0.0148386 0.00516001 0.00516001 1 1
0.4 0.8 11.5 10 13 3.90439 0.00803906 0.00803906 0.004127 0.004127 1 1
0.4 0.8 14.5 13 16 2.99904 0.009116 0.009116 0.00317003 0.00317003 1 1
0.4 0.8 18 16 20 2.27116 0.00690352 0.00690352 0.00240065 0.00240065 1 1
0.4 0.8 22.5 20 25 1.62963 0.00495347 0.00495347 0.00172254 0.00172254 1 1
0.4 0.8 27.5 25 30 1.16544 0.00354252 0.00354252 0.00123189 0.00123189 1 1
0.4 0.8 33.5 30 37 0.810976 0.00246507 0.00246507 0.000857214 0.000857214 1 1
0.4 0.8 41 37 45 0.550284 0.00167266 0.00167266 0.000581658 0.000581658 1 1
0.4 0.8 50 45 55 0.357822 0.00144196 0.00144196 0.000378223 0.000378223 1 1
0.4 0.8 60 55 65 0.230954 0.0009307 0.0009307 0.00046863 0.00046863 1 1
0.4 0.8 70 65 75 0.153849 0.000926159 0.000926159 0.000312177 0.000312177 1 1
0.4 0.8 80 75 85 0.103521 0.000726418 0.000726418 0.000312581 0.000312581 1 1
0.4 0.8 95 85 105 0.058254 0.000350684 0.000350684 0.000118204 0.000118204 1 1
0.4 0.8 127.5 105 150 0.0224718 0.000135278 0.000135278 4.55977e-05 4.55977e-05 1 1
0.4 0.8 175 150 200 0.00635902 7.00184e-05 7.00184e-05 2.55291e-05 2.55291e-05 1 1
0.4 0.8 550 200 900 0.000257215 3.6032e-06 3.6032e-06 1.03262e-06 1.03262e-06 1 1
