1.2 1.6 1 0 2 2.58147 0.0104037 0.0104037 0.00526374 0.00526374 1 1
1.2 1.6 3 2 4 5.37661 0.0163454 0.0163454 0.00578506 0.00578506 1 1
1.2 1.6 5 4 6 5.36981 0.0163248 0.0163248 0.0109493 0.0109493 1 1
1.2 1.6 7 6 8 4.67734 0.0142196 0.0142196 0.00503267 0.00503267 1 1
1.2 1.6 9 8 10 3.94893 0.0120051 0.0120051 0.00805205 0.00805205 1 1
1.2 1.6 11.5 10 13 3.17585 0.0096549 0.0096549 0.00341712 0.00341712 1 1
1.2 1.6 14.5 13 16 2.46104 0.00748181 0.00748181 0.002648 0.002648 1 1
1.2 1.6 18 16 20 1.86181 0.00566007 0.00566007 0.00200324 0.00200324 1 1
1.2 1.6 22.5 20 25 1.33444 0.00405683 0.00405683 0.00143582 0.00143582 1 1
1.2 1.6 27.5 25 30 0.962953 0.00388086 0.00388086 0.00103611 0.00103611 1 1
1.2 1.6 33.5 30 37 0.671882 0.00270779 0.00270779 0.000722924 0.000722924 1 1
1.2 1.6 41 37 45 0.447338 0.00180285 0.00180285 0.000912144 0.000912144 1 1
1.2 1.6 50 45 55 0.289226 0.00116563 0.00116563 0.000589745 0.000589745 1 1
1.2 1.6 60 55 65 0.188317 0.000946136 0.000946136 0.000383988 0.000383988 1 1
1.2 1.6 70 65 75 0.124703 0.000875077 0.000875077 0.000377373 0.000377373 1 1
1.2 1.6 80 75 85 0.0853303 0.000683933 0.000683933 0.000258224 0.000258224 1 1
1.2 1.6 95 85 105 0.0481622 0.000337968 0.000337968 0.000145747 0.000145747 1 1
1.2 1.6 127.5 105 150 0.0188026 0.000131943 0.000131943 3.83393e-05 3.83393e-05 1 1
1.2 1.6 175 150 200 0.00520859 6.77602e-05 6.77602e-05 2.09368e-05 2.09368e-05 1 1
1.2 1.6 550 200 900 0.000203857 3.46701e-06 3.46701e-06 1.02249e-06 1.02249e-06 1 1
