0 0.4 1 0 2 3.2718 1.19255 1.19255 0.804954 0.804954 1 1
0 0.4 3 2 4 6.7384 1.66372 1.66372 0.86839 0.86839 1 1
0 0.4 5 4 6 6.74082 1.66431 1.66431 0.868702 0.868702 1 1
0 0.4 7 6 8 5.90835 1.45878 1.45878 0.76142 0.76142 1 1
0 0.4 9 8 10 4.94399 1.80206 1.80206 0.637142 0.637142 1 1
0 0.4 11.5 10 13 3.93366 0.971223 0.971223 0.506938 0.506938 1 1
0 0.4 14.5 13 16 3.03101 1.10479 1.10479 0.390612 0.390612 1 1
0 0.4 18 16 20 2.28929 0.565228 0.565228 0.295025 0.295025 1 1
0 0.4 22.5 20 25 1.65163 0.407788 0.407788 0.212848 0.212848 1 1
0 0.4 27.5 25 30 1.17707 0.429037 0.429037 0.151691 0.151691 1 1
0 0.4 33.5 30 37 0.827629 0.301666 0.301666 0.106658 0.106658 1 1
0 0.4 41 37 45 0.557682 0.203272 0.203272 0.0718695 0.0718695 1 1
0 0.4 50 45 55 0.366988 0.133765 0.133765 0.0472944 0.0472944 1 1
0 0.4 60 55 65 0.233769 0.112964 0.112964 0.000475326 0.000475326 1 1
0 0.4 70 65 75 0.155725 0.0938137 0.0938137 0.000316638 0.000316638 1 1
0 0.4 80 75 85 0.103684 0.0872438 0.0872438 0.000313364 0.000313364 1 1
0 0.4 95 85 105 0.0596159 0.043035 0.043035 0.000121218 0.000121218 1 1
0 0.4 127.5 105 150 0.0227961 0.0164558 0.0164558 4.63517e-05 4.63517e-05 1 1
0 0.4 175 150 200 0.0065327 0.00862548 0.00862548 2.62403e-05 2.62403e-05 1 1
0 0.4 550 200 900 0.00027636 0.000464234 0.000464234 1.11007e-06 1.11007e-06 1 1
