0 2 10 0 20 7.91999 0.004037 0.004037 0.105155 0.105155 1 1
0 2 30 20 40 2.26366 0.00220945 0.00220945 0.0304366 0.0304366 1 1
0 2 50 40 60 0.830856 0.00134468 0.00134468 0.0115205 0.0115205 1 1
0 2 70 60 80 0.364011 0.000902958 0.000902958 0.00509888 0.00509888 1 1
0 2 90 80 100 0.177442 0.000644265 0.000644265 0.00257507 0.00257507 1 1
0 2 110 100 120 0.0909792 0.00047316 0.00047316 0.00133531 0.00133531 1 1
0 2 130 120 140 0.0499868 0.000359749 0.000359749 0.000742635 0.000742635 1 1
0 2 155 140 170 0.0253462 0.00020319 0.00020319 0.000380561 0.000380561 1 1
0 2 185 170 200 0.0118546 0.000145031 0.000145031 0.000188792 0.000188792 1 1
0 2 600 200 1000 0.000500903 5.11279e-06 5.11279e-06 7.69591e-06 7.69591e-06 1 1
