0 0.4 10 0 20 9.87882 0.0097452 0.0097452 0.280868 0.280868 1 1
0 0.4 30 20 40 2.9166 0.00538043 0.00538043 0.0834526 0.0834526 1 1
0 0.4 50 40 60 1.07256 0.0032467 0.0032467 0.0316341 0.0316341 1 1
0 0.4 70 60 80 0.460541 0.00217252 0.00217252 0.0137959 0.0137959 1 1
0 0.4 90 80 100 0.222509 0.00153794 0.00153794 0.00695221 0.00695221 1 1
0 0.4 110 100 120 0.109608 0.00111888 0.00111888 0.0034777 0.0034777 1 1
0 0.4 130 120 140 0.061625 0.00084463 0.00084463 0.00197522 0.00197522 1 1
0 0.4 155 140 170 0.030201 0.000474312 0.000474312 0.000979625 0.000979625 1 1
0 0.4 185 170 200 0.0135481 0.000319782 0.000319782 0.000462256 0.000462256 1 1
0 0.4 600 200 1000 0.00061625 1.23891e-05 1.23891e-05 2.01421e-05 2.01421e-05 1 1
