1.6 2 10 0 20 3.70691 0.00647716 0.00647716 0.106123 0.106123 1 1
1.6 2 30 20 40 1.02081 0.00349516 0.00349516 0.0300221 0.0300221 1 1
1.6 2 50 40 60 0.381511 0.00218006 0.00218006 0.0119529 0.0119529 1 1
1.6 2 70 60 80 0.176408 0.0015364 0.0015364 0.00569635 0.00569635 1 1
1.6 2 90 80 100 0.0903206 0.0011296 0.0011296 0.00307163 0.00307163 1 1
1.6 2 110 100 120 0.0475124 0.000836439 0.000836439 0.0016537 0.0016537 1 1
1.6 2 130 120 140 0.0283663 0.000680888 0.000680888 0.00100412 0.00100412 1 1
1.6 2 155 140 170 0.0141126 0.00037685 0.00037685 0.000514354 0.000514354 1 1
1.6 2 185 170 200 0.00700926 0.000280385 0.000280385 0.000282881 0.000282881 1 1
1.6 2 600 200 1000 0.000260613 8.8354e-06 8.8354e-06 9.64813e-06 9.64813e-06 1 1
