0.4 0.8 10 0 20 9.87882 0.0097452 0.0097452 0.280868 0.280868 1 1
0.4 0.8 30 20 40 2.86015 0.00555572 0.00555572 0.0817514 0.0817514 1 1
0.4 0.8 50 40 60 1.04433 0.00326479 0.00326479 0.0306853 0.0306853 1 1
0.4 0.8 70 60 80 0.445958 0.00214816 0.00214816 0.013287 0.013287 1 1
0.4 0.8 90 80 100 0.214512 0.00152549 0.00152549 0.00663982 0.00663982 1 1
0.4 0.8 110 100 120 0.110078 0.00111268 0.00111268 0.00345355 0.00345355 1 1
0.4 0.8 130 120 140 0.0583321 0.000828651 0.000828651 0.00186694 0.00186694 1 1
0.4 0.8 155 140 170 0.0298246 0.000468402 0.000468402 0.000960196 0.000960196 1 1
0.4 0.8 185 170 200 0.0137833 0.000323956 0.000323956 0.000467979 0.000467979 1 1
0.4 0.8 600 200 1000 0.000611546 1.19888e-05 1.19888e-05 1.9777e-05 1.9777e-05 1 1
