1.2 1.6 1.5 1 2 4.7387 0.130878 0.130878 0.130878 0.130878 1 1
1.2 1.6 2.5 2 3 6.1954 0.165336 0.165336 0.165336 0.165336 1 1
1.2 1.6 3.5 3 4 7.0506 0.182108 0.182108 0.182108 0.182108 1 1
1.2 1.6 4.5 4 5 7.2887 0.183226 0.183226 0.183226 0.183226 1 1
1.2 1.6 5.5 5 6 7.1054 0.174705 0.174705 0.174705 0.174705 1 1
1.2 1.6 6.5 6 7 6.6879 0.161079 0.161079 0.161079 0.161079 1 1
1.2 1.6 7.5 7 8 6.199 0.14647 0.14647 0.14647 0.14647 1 1
1.2 1.6 8.5 8 9 5.7522 0.13307 0.13307 0.13307 0.13307 1 1
1.2 1.6 9.5 9 10 5.3334 0.121184 0.121184 0.121184 0.121184 1 1
1.2 1.6 10.5 10 11 4.908 0.1105 0.1105 0.1105 0.1105 1 1
1.2 1.6 11.5 11 12 4.5071 0.100515 0.100515 0.100515 0.100515 1 1
1.2 1.6 12.5 12 13 4.169 0.0919946 0.0919946 0.0919946 0.0919946 1 1
1.2 1.6 13.5 13 14 3.8582 0.0845558 0.0845558 0.0845558 0.0845558 1 1
1.2 1.6 15 14 16 3.4559 0.074925 0.074925 0.074925 0.074925 1 1
1.2 1.6 17 16 18 2.8871 0.0617297 0.0617297 0.0617297 0.0617297 1 1
1.2 1.6 19 18 20 2.5962 0.0549563 0.0549563 0.0549563 0.0549563 1 1
1.2 1.6 21 20 22 2.1938 0.0460814 0.0460814 0.0460814 0.0460814 1 1
1.2 1.6 23.5 22 25 1.8853 0.0393448 0.0393448 0.0393448 0.0393448 1 1
1.2 1.6 26.5 25 28 1.5088 0.0314938 0.0314938 0.0314938 0.0314938 1 1
1.2 1.6 30 28 32 1.2433 0.0261439 0.0261439 0.0261439 0.0261439 1 1
1.2 1.6 34.5 32 37 0.97817 0.0205089 0.0205089 0.0205089 0.0205089 1 1
1.2 1.6 40 37 43 0.71645 0.0147771 0.0147771 0.0147771 0.0147771 1 1
1.2 1.6 47.5 43 52 0.50125 0.0102736 0.0102736 0.0102736 0.0102736 1 1
1.2 1.6 58.5 52 65 0.29184 0.0060336 0.0060336 0.0060336 0.0060336 1 1
1.2 1.6 75 65 85 0.15184 0.00320737 0.00320737 0.00320737 0.00320737 1 1
1.2 1.6 102.5 85 120 0.066671 0.00146053 0.00146053 0.00146053 0.00146053 1 1
1.2 1.6 140 120 160 0.024884 0.000582755 0.000582755 0.000582755 0.000582755 1 1
1.2 1.6 175 160 190 0.010576 0.000270193 0.000270193 0.000270193 0.000270193 1 1
1.2 1.6 205 190 220 0.0059473 0.000165251 0.000165251 0.000165251 0.000165251 1 1
1.2 1.6 235 220 250 0.0032554 9.86555e-05 9.86555e-05 9.86555e-05 9.86555e-05 1 1
1.2 1.6 275 250 300 0.0016225 5.30422e-05 5.30422e-05 5.30422e-05 5.30422e-05 1 1
1.2 1.6 350 300 400 0.00055747 1.94546e-05 1.94546e-05 1.94546e-05 1.94546e-05 1 1
1.2 1.6 950 400 1500 1.9471e-05 7.33694e-07 7.33694e-07 7.33694e-07 7.33694e-07 1 1
