1.6 2.4 1.5 1 2 3.9945 0.136019 0.136019 0.136019 0.136019 1 1
1.6 2.4 2.5 2 3 5.1864 0.166043 0.166043 0.166043 0.166043 1 1
1.6 2.4 3.5 3 4 5.9383 0.182554 0.182554 0.182554 0.182554 1 1
1.6 2.4 4.5 4 5 6.1235 0.181062 0.181062 0.181062 0.181062 1 1
1.6 2.4 5.5 5 6 5.9163 0.169663 0.169663 0.169663 0.169663 1 1
1.6 2.4 6.5 6 7 5.5466 0.154312 0.154312 0.154312 0.154312 1 1
1.6 2.4 7.5 7 8 5.1815 0.138763 0.138763 0.138763 0.138763 1 1
1.6 2.4 8.5 8 9 4.8699 0.126028 0.126028 0.126028 0.126028 1 1
1.6 2.4 9.5 9 10 4.5669 0.115188 0.115188 0.115188 0.115188 1 1
1.6 2.4 10.5 10 11 4.2415 0.105557 0.105557 0.105557 0.105557 1 1
1.6 2.4 11.5 11 12 3.8907 0.0969514 0.0969514 0.0969514 0.0969514 1 1
1.6 2.4 12.5 12 13 3.5541 0.0894631 0.0894631 0.0894631 0.0894631 1 1
1.6 2.4 13.5 13 14 3.2928 0.0823779 0.0823779 0.0823779 0.0823779 1 1
1.6 2.4 15 14 16 3.0766 0.0747129 0.0747129 0.0747129 0.0747129 1 1
1.6 2.4 17 16 18 2.6188 0.062055 0.062055 0.062055 0.062055 1 1
1.6 2.4 19 18 20 2.2688 0.0528718 0.0528718 0.0528718 0.0528718 1 1
1.6 2.4 21 20 22 2.0884 0.0478591 0.0478591 0.0478591 0.0478591 1 1
1.6 2.4 23.5 22 25 1.7604 0.0396305 0.0396305 0.0396305 0.0396305 1 1
1.6 2.4 26.5 25 28 1.4684 0.032563 0.032563 0.032563 0.032563 1 1
1.6 2.4 30 28 32 1.2036 0.0263348 0.0263348 0.0263348 0.0263348 1 1
1.6 2.4 34.5 32 37 0.95777 0.020557 0.020557 0.020557 0.020557 1 1
1.6 2.4 40 37 43 0.72679 0.0155153 0.0155153 0.0155153 0.0155153 1 1
1.6 2.4 47.5 43 52 0.51193 0.0112373 0.0112373 0.0112373 0.0112373 1 1
1.6 2.4 58.5 52 65 0.294 0.00677861 0.00677861 0.00677861 0.00677861 1 1
1.6 2.4 75 65 85 0.14481 0.00348462 0.00348462 0.00348462 0.00348462 1 1
1.6 2.4 102.5 85 120 0.061848 0.00155832 0.00155832 0.00155832 0.00155832 1 1
1.6 2.4 140 120 160 0.024489 0.000663697 0.000663697 0.000663697 0.000663697 1 1
1.6 2.4 175 160 190 0.011064 0.000324449 0.000324449 0.000324449 0.000324449 1 1
1.6 2.4 205 190 220 0.0061593 0.000195713 0.000195713 0.000195713 0.000195713 1 1
1.6 2.4 235 220 250 0.0034714 0.000119162 0.000119162 0.000119162 0.000119162 1 1
1.6 2.4 275 250 300 0.0017474 6.43128e-05 6.43128e-05 6.43128e-05 6.43128e-05 1 1
1.6 2.4 350 300 400 0.000559 2.30559e-05 2.30559e-05 2.30559e-05 2.30559e-05 1 1
1.6 2.4 950 400 1500 1.408e-05 6.83907e-07 6.83907e-07 6.83907e-07 6.83907e-07 1 1
