0.4 0.8 1.5 1 2 5.4329 0.133445 0.133445 0.133445 0.133445 1 1
0.4 0.8 2.5 2 3 7.1818 0.163299 0.163299 0.163299 0.163299 1 1
0.4 0.8 3.5 3 4 8.0824 0.174712 0.174712 0.174712 0.174712 1 1
0.4 0.8 4.5 4 5 8.3632 0.173545 0.173545 0.173545 0.173545 1 1
0.4 0.8 5.5 5 6 8.0324 0.163292 0.163292 0.163292 0.163292 1 1
0.4 0.8 6.5 6 7 7.4913 0.150161 0.150161 0.150161 0.150161 1 1
0.4 0.8 7.5 7 8 7.0534 0.138261 0.138261 0.138261 0.138261 1 1
0.4 0.8 8.5 8 9 6.5501 0.1266 0.1266 0.1266 0.1266 1 1
0.4 0.8 9.5 9 10 6.0142 0.115654 0.115654 0.115654 0.115654 1 1
0.4 0.8 10.5 10 11 5.4894 0.104928 0.104928 0.104928 0.104928 1 1
0.4 0.8 11.5 11 12 5.0296 0.0956715 0.0956715 0.0956715 0.0956715 1 1
0.4 0.8 12.5 12 13 4.7821 0.0911178 0.0911178 0.0911178 0.0911178 1 1
0.4 0.8 13.5 13 14 4.4376 0.0847043 0.0847043 0.0847043 0.0847043 1 1
0.4 0.8 15 14 16 3.812 0.0724007 0.0724007 0.0724007 0.0724007 1 1
0.4 0.8 17 16 18 3.3401 0.0630223 0.0630223 0.0630223 0.0630223 1 1
0.4 0.8 19 18 20 2.8572 0.0538547 0.0538547 0.0538547 0.0538547 1 1
0.4 0.8 21 20 22 2.4325 0.0458538 0.0458538 0.0458538 0.0458538 1 1
0.4 0.8 23.5 22 25 2.1134 0.0397896 0.0397896 0.0397896 0.0397896 1 1
0.4 0.8 26.5 25 28 1.7318 0.0326584 0.0326584 0.0326584 0.0326584 1 1
0.4 0.8 30 28 32 1.4242 0.0270207 0.0270207 0.0270207 0.0270207 1 1
0.4 0.8 34.5 32 37 1.0884 0.0208512 0.0208512 0.0208512 0.0208512 1 1
0.4 0.8 40 37 43 0.81333 0.015736 0.015736 0.015736 0.015736 1 1
0.4 0.8 47.5 43 52 0.5727 0.0112048 0.0112048 0.0112048 0.0112048 1 1
0.4 0.8 58.5 52 65 0.34516 0.00683256 0.00683256 0.00683256 0.00683256 1 1
0.4 0.8 75 65 85 0.17958 0.00360129 0.00360129 0.00360129 0.00360129 1 1
0.4 0.8 102.5 85 120 0.076842 0.0015847 0.0015847 0.0015847 0.0015847 1 1
0.4 0.8 140 120 160 0.028133 0.000609936 0.000609936 0.000609936 0.000609936 1 1
0.4 0.8 175 160 190 0.012121 0.000280241 0.000280241 0.000280241 0.000280241 1 1
0.4 0.8 205 190 220 0.0066086 0.000164409 0.000164409 0.000164409 0.000164409 1 1
0.4 0.8 235 220 250 0.0037708 0.000100112 0.000100112 0.000100112 0.000100112 1 1
0.4 0.8 275 250 300 0.0019151 5.35782e-05 5.35782e-05 5.35782e-05 5.35782e-05 1 1
0.4 0.8 350 300 400 0.0006789 2.06482e-05 2.06482e-05 2.06482e-05 2.06482e-05 1 1
0.4 0.8 950 400 1500 2.6945e-05 9.27866e-07 9.27866e-07 9.27866e-07 9.27866e-07 1 1
