0.8 1.2 1.5 1 2 5.3403 0.130949 0.130949 0.130949 0.130949 1 1
0.8 1.2 2.5 2 3 7.1761 0.167726 0.167726 0.167726 0.167726 1 1
0.8 1.2 3.5 3 4 8.0962 0.183438 0.183438 0.183438 0.183438 1 1
0.8 1.2 4.5 4 5 8.2121 0.182179 0.182179 0.182179 0.182179 1 1
0.8 1.2 5.5 5 6 7.8929 0.171615 0.171615 0.171615 0.171615 1 1
0.8 1.2 6.5 6 7 7.4519 0.15975 0.15975 0.15975 0.15975 1 1
0.8 1.2 7.5 7 8 6.8903 0.146435 0.146435 0.146435 0.146435 1 1
0.8 1.2 8.5 8 9 6.435 0.135029 0.135029 0.135029 0.135029 1 1
0.8 1.2 9.5 9 10 5.8886 0.122733 0.122733 0.122733 0.122733 1 1
0.8 1.2 10.5 10 11 5.3966 0.112791 0.112791 0.112791 0.112791 1 1
0.8 1.2 11.5 11 12 4.9616 0.103421 0.103421 0.103421 0.103421 1 1
0.8 1.2 12.5 12 13 4.6803 0.0959049 0.0959049 0.0959049 0.0959049 1 1
0.8 1.2 13.5 13 14 4.1476 0.0831275 0.0831275 0.0831275 0.0831275 1 1
0.8 1.2 15 14 16 3.7455 0.0741189 0.0741189 0.0741189 0.0741189 1 1
0.8 1.2 17 16 18 3.2288 0.0634848 0.0634848 0.0634848 0.0634848 1 1
0.8 1.2 19 18 20 2.7913 0.0546 0.0546 0.0546 0.0546 1 1
0.8 1.2 21 20 22 2.4152 0.047053 0.047053 0.047053 0.047053 1 1
0.8 1.2 23.5 22 25 2.0517 0.0398228 0.0398228 0.0398228 0.0398228 1 1
0.8 1.2 26.5 25 28 1.6786 0.0324307 0.0324307 0.0324307 0.0324307 1 1
0.8 1.2 30 28 32 1.3848 0.0266855 0.0266855 0.0266855 0.0266855 1 1
0.8 1.2 34.5 32 37 1.0655 0.0206235 0.0206235 0.0206235 0.0206235 1 1
0.8 1.2 40 37 43 0.79612 0.0155754 0.0155754 0.0155754 0.0155754 1 1
0.8 1.2 47.5 43 52 0.55071 0.0109602 0.0109602 0.0109602 0.0109602 1 1
0.8 1.2 58.5 52 65 0.32948 0.00666717 0.00666717 0.00666717 0.00666717 1 1
0.8 1.2 75 65 85 0.17423 0.00358722 0.00358722 0.00358722 0.00358722 1 1
0.8 1.2 102.5 85 120 0.074511 0.00159792 0.00159792 0.00159792 0.00159792 1 1
0.8 1.2 140 120 160 0.027474 0.000628243 0.000628243 0.000628243 0.000628243 1 1
0.8 1.2 175 160 190 0.011644 0.000282701 0.000282701 0.000282701 0.000282701 1 1
0.8 1.2 205 190 220 0.0062787 0.000161722 0.000161722 0.000161722 0.000161722 1 1
0.8 1.2 235 220 250 0.0035819 9.77858e-05 9.77858e-05 9.77858e-05 9.77858e-05 1 1
0.8 1.2 275 250 300 0.0018354 5.24914e-05 5.24914e-05 5.24914e-05 5.24914e-05 1 1
0.8 1.2 350 300 400 0.00060078 1.84923e-05 1.84923e-05 1.84923e-05 1.84923e-05 1 1
0.8 1.2 950 400 1500 2.4964e-05 8.60266e-07 8.60266e-07 8.60266e-07 8.60266e-07 1 1
