0 0.4 1.5 1 2 5.4144 0.102198 0.102198 0.102198 0.102198 1 1
0 0.4 2.5 2 3 7.1788 0.133855 0.133855 0.133855 0.133855 1 1
0 0.4 3.5 3 4 8.201 0.152537 0.152537 0.152537 0.152537 1 1
0 0.4 4.5 4 5 8.3718 0.155457 0.155457 0.155457 0.155457 1 1
0 0.4 5.5 5 6 8.0368 0.149072 0.149072 0.149072 0.149072 1 1
0 0.4 6.5 6 7 7.5933 0.140919 0.140919 0.140919 0.140919 1 1
0 0.4 7.5 7 8 7.0989 0.13189 0.13189 0.13189 0.13189 1 1
0 0.4 8.5 8 9 6.6078 0.122846 0.122846 0.122846 0.122846 1 1
0 0.4 9.5 9 10 6.0727 0.112741 0.112741 0.112741 0.112741 1 1
0 0.4 10.5 10 11 5.53 0.10241 0.10241 0.10241 0.10241 1 1
0 0.4 11.5 11 12 5.0928 0.0942008 0.0942008 0.0942008 0.0942008 1 1
0 0.4 12.5 12 13 4.7779 0.0884449 0.0884449 0.0884449 0.0884449 1 1
0 0.4 13.5 13 14 4.4556 0.0826396 0.0826396 0.0826396 0.0826396 1 1
0 0.4 15 14 16 3.8433 0.0713754 0.0713754 0.0713754 0.0713754 1 1
0 0.4 17 16 18 3.3558 0.0623421 0.0623421 0.0623421 0.0623421 1 1
0 0.4 19 18 20 2.8672 0.053284 0.053284 0.053284 0.053284 1 1
0 0.4 21 20 22 2.5168 0.0467829 0.0467829 0.0467829 0.0467829 1 1
0 0.4 23.5 22 25 2.1137 0.0392777 0.0392777 0.0392777 0.0392777 1 1
0 0.4 26.5 25 28 1.7605 0.0328267 0.0328267 0.0328267 0.0328267 1 1
0 0.4 30 28 32 1.3987 0.0263235 0.0263235 0.0263235 0.0263235 1 1
0 0.4 34.5 32 37 1.1064 0.0210279 0.0210279 0.0210279 0.0210279 1 1
0 0.4 40 37 43 0.83334 0.0159389 0.0159389 0.0159389 0.0159389 1 1
0 0.4 47.5 43 52 0.57792 0.0111143 0.0111143 0.0111143 0.0111143 1 1
0 0.4 58.5 52 65 0.35227 0.00681587 0.00681587 0.00681587 0.00681587 1 1
0 0.4 75 65 85 0.18272 0.00357513 0.00357513 0.00357513 0.00357513 1 1
0 0.4 102.5 85 120 0.078168 0.0015714 0.0015714 0.0015714 0.0015714 1 1
0 0.4 140 120 160 0.028969 0.000608437 0.000608437 0.000608437 0.000608437 1 1
0 0.4 175 160 190 0.012585 0.000278452 0.000278452 0.000278452 0.000278452 1 1
0 0.4 205 190 220 0.0066982 0.000157847 0.000157847 0.000157847 0.000157847 1 1
0 0.4 235 220 250 0.0037617 9.50352e-05 9.50352e-05 9.50352e-05 9.50352e-05 1 1
0 0.4 275 250 300 0.0019776 5.27205e-05 5.27205e-05 5.27205e-05 5.27205e-05 1 1
0 0.4 350 300 400 0.00067926 1.90678e-05 1.90678e-05 1.90678e-05 1.90678e-05 1 1
0 0.4 950 400 1500 2.7933e-05 8.40962e-07 8.40962e-07 8.40962e-07 8.40962e-07 1 1
