0.8 1.2 10 0 20 9.22023 0.00994389 0.00994389 0.262143 0.262143 1 1
0.8 1.2 30 20 40 2.58731 0.00527908 0.00527908 0.0741119 0.0741119 1 1
0.8 1.2 50 40 60 0.936136 0.00329822 0.00329822 0.0276373 0.0276373 1 1
0.8 1.2 70 60 80 0.416322 0.00217139 0.00217139 0.0124305 0.0124305 1 1
0.8 1.2 90 80 100 0.198988 0.00153431 0.00153431 0.0061593 0.0061593 1 1
0.8 1.2 110 100 120 0.103022 0.00113401 0.00113401 0.00323665 0.00323665 1 1
0.8 1.2 130 120 140 0.0540983 0.000838808 0.000838808 0.0017391 0.0017391 1 1
0.8 1.2 155 140 170 0.0284604 0.000478273 0.000478273 0.000919011 0.000919011 1 1
0.8 1.2 185 170 200 0.0136422 0.000356104 0.000356104 0.000466999 0.000466999 1 1
0.8 1.2 600 200 1000 0.000550391 1.21657e-05 1.21657e-05 1.83007e-05 1.83007e-05 1 1
