0 2.4 1.5 1 2 24.935 0.525253 0.525253 0.525253 0.525253 1 1
0 2.4 2.5 2 3 32.992 0.682309 0.682309 0.682309 0.682309 1 1
0 2.4 3.5 3 4 37.464 0.770464 0.770464 0.770464 0.770464 1 1
0 2.4 4.5 4 5 38.326 0.785313 0.785313 0.785313 0.785313 1 1
0 2.4 5.5 5 6 36.937 0.753988 0.753988 0.753988 0.753988 1 1
0 2.4 6.5 6 7 34.741 0.706527 0.706527 0.706527 0.706527 1 1
0 2.4 7.5 7 8 32.41 0.655488 0.655488 0.655488 0.655488 1 1
0 2.4 8.5 8 9 30.198 0.6072 0.6072 0.6072 0.6072 1 1
0 2.4 9.5 9 10 27.849 0.55877 0.55877 0.55877 0.55877 1 1
0 2.4 10.5 10 11 25.521 0.512285 0.512285 0.512285 0.512285 1 1
0 2.4 11.5 11 12 23.488 0.470806 0.470806 0.470806 0.470806 1 1
0 2.4 12.5 12 13 21.953 0.438286 0.438286 0.438286 0.438286 1 1
0 2.4 13.5 13 14 20.29 0.403928 0.403928 0.403928 0.403928 1 1
0 2.4 15 14 16 17.894 0.355208 0.355208 0.355208 0.355208 1 1
0 2.4 17 16 18 15.45 0.305117 0.305117 0.305117 0.305117 1 1
0 2.4 19 18 20 13.398 0.263715 0.263715 0.263715 0.263715 1 1
0 2.4 21 20 22 11.655 0.229251 0.229251 0.229251 0.229251 1 1
0 2.4 23.5 22 25 9.928 0.194963 0.194963 0.194963 0.194963 1 1
0 2.4 26.5 25 28 8.1747 0.160492 0.160492 0.160492 0.160492 1 1
0 2.4 30 28 32 6.662 0.131522 0.131522 0.131522 0.131522 1 1
0 2.4 34.5 32 37 5.2004 0.102849 0.102849 0.102849 0.102849 1 1
0 2.4 40 37 43 3.8937 0.0767847 0.0767847 0.0767847 0.0767847 1 1
0 2.4 47.5 43 52 2.7145 0.053895 0.053895 0.053895 0.053895 1 1
0 2.4 58.5 52 65 1.6136 0.0324654 0.0324654 0.0324654 0.0324654 1 1
0 2.4 75 65 85 0.83253 0.0170582 0.0170582 0.0170582 0.0170582 1 1
0 2.4 102.5 85 120 0.35799 0.00759079 0.00759079 0.00759079 0.00759079 1 1
0 2.4 140 120 160 0.13388 0.00297367 0.00297367 0.00297367 0.00297367 1 1
0 2.4 175 160 190 0.058025 0.00133976 0.00133976 0.00133976 0.00133976 1 1
0 2.4 205 190 220 0.031674 0.0007542 0.0007542 0.0007542 0.0007542 1 1
0 2.4 235 220 250 0.017856 0.000441461 0.000441461 0.000441461 0.000441461 1 1
0 2.4 275 250 300 0.0091044 0.00023278 0.00023278 0.00023278 0.00023278 1 1
0 2.4 350 300 400 0.0030707 8.47538e-05 8.47538e-05 8.47538e-05 8.47538e-05 1 1
0 2.4 450 400 500 0.00082996 2.79088e-05 2.79088e-05 2.79088e-05 2.79088e-05 1 1
0 2.4 650 500 800 0.00013019 5.99591e-06 5.99591e-06 5.99591e-06 5.99591e-06 1 1
0 2.4 1150 800 1500 5.4134e-06 3.52429e-07 3.52429e-07 3.52429e-07 3.52429e-07 1 1
