1.2 1.6 10 0 20 6.91517 0.00875563 0.00875563 0.196682 0.196682 1 1
1.2 1.6 30 20 40 1.93343 0.00470547 0.00470547 0.0558406 0.0558406 1 1
1.2 1.6 50 40 60 0.719743 0.00289361 0.00289361 0.0216573 0.0216573 1 1
1.2 1.6 70 60 80 0.320826 0.00199334 0.00199334 0.00980439 0.00980439 1 1
1.2 1.6 90 80 100 0.160884 0.00143334 0.00143334 0.00509732 0.00509732 1 1
1.2 1.6 110 100 120 0.0846756 0.001059 0.001059 0.00271007 0.00271007 1 1
1.2 1.6 130 120 140 0.0475124 0.000817439 0.000817439 0.00153883 0.00153883 1 1
1.2 1.6 155 140 170 0.0241325 0.00046586 0.00046586 0.000793656 0.000793656 1 1
1.2 1.6 185 170 200 0.0112901 0.000336475 0.000336475 0.000400329 0.000400329 1 1
1.2 1.6 600 200 1000 0.000465716 1.14116e-05 1.14116e-05 1.59951e-05 1.59951e-05 1 1
