1.2 2.25 0.25 0 0.5 43958.5 1976.31 1976.31 4268.84 4268.84 1 1
1.2 2.25 0.75 0.5 1 132564 3618.02 3618.02 10075.6 10075.6 1 1
1.2 2.25 1.25 1 1.5 164695 4778.43 4778.43 11626.6 11626.6 1 1
1.2 2.25 1.75 1.5 2 227307 5610.67 5610.67 27766.1 27766.1 1 1
1.2 2.25 2.25 2 2.5 206265 7039.06 7039.06 19632.3 19632.3 1 1
1.2 2.25 2.75 2.5 3 220898 7642.24 7642.24 17271.5 17271.5 1 1
1.2 2.25 3.25 3 3.5 243955 5369.13 5369.13 13277.3 13277.3 1 1
1.2 2.25 3.75 3.5 4 255242 4492.99 4492.99 19828.6 19828.6 1 1
1.2 2.25 4.25 4 4.5 255376 4573.83 4573.83 20674.5 20674.5 1 1
1.2 2.25 4.75 4.5 5 225352 4643.44 4643.44 20412.3 20412.3 1 1
1.2 2.25 5.25 5 5.5 215395 4411.7 4411.7 15070.3 15070.3 1 1
1.2 2.25 5.75 5.5 6 185629 3407.28 3407.28 12641.8 12641.8 1 1
1.2 2.25 6.25 6 6.5 168934 3460.61 3460.61 10576.9 10576.9 1 1
1.2 2.25 6.75 6.5 7 148768 2649.55 2649.55 9493.11 9493.11 1 1
1.2 2.25 7.25 7 7.5 129628 2138.32 2138.32 9761.89 9761.89 1 1
1.2 2.25 7.75 7.5 8 118414 2104.71 2104.71 7105.05 7105.05 1 1
1.2 2.25 8.25 8 8.5 100368 1819.44 1819.44 5979.76 5979.76 1 1
1.2 2.25 8.75 8.5 9 85213.5 1554.2 1554.2 5021.04 5021.04 1 1
1.2 2.25 9.25 9 9.5 78496.1 1508.09 1508.09 4916.29 4916.29 1 1
1.2 2.25 9.75 9.5 10 61770.2 1317.92 1317.92 3462.33 3462.33 1 1
1.2 2.25 10.5 10 11 51532.4 718.34 718.34 3039.17 3039.17 1 1
1.2 2.25 11.5 11 12 37747.4 583.91 583.91 2184.78 2184.78 1 1
1.2 2.25 12.5 12 13 28428.4 471.29 471.29 1580.91 1580.91 1 1
1.2 2.25 13.5 13 14 21204.6 423.05 423.05 1187.53 1187.53 1 1
1.2 2.25 14.5 14 15 16322.1 312.38 312.38 885.5 885.5 1 1
1.2 2.25 15.5 15 16 11056.3 248.15 248.15 604.39 604.39 1 1
1.2 2.25 16.5 16 17 9592.31 268.31 268.31 589.71 589.71 1 1
1.2 2.25 17.5 17 18 7056.95 193.24 193.24 567.1 567.1 1 1
1.2 2.25 18.5 18 19 5317.84 152.39 152.39 302.54 302.54 1 1
1.2 2.25 19.5 19 20 4324.2 135.75 135.75 242.03 242.03 1 1
1.2 2.25 20.5 20 21 3100.83 97.5 97.5 164.31 164.31 1 1
1.2 2.25 21.5 21 22 2744.72 94.07 94.07 141.07 141.07 1 1
1.2 2.25 22.5 22 23 1988.57 75.79 75.79 102.35 102.35 1 1
1.2 2.25 23.5 23 24 1645.54 69.23 69.23 88.7 88.7 1 1
1.2 2.25 24.5 24 25 1322.06 61.97 61.97 84.56 84.56 1 1
1.2 2.25 25.5 25 26 1064.22 62.03 62.03 54.53 54.53 1 1
1.2 2.25 26.5 26 27 911.26 50.76 50.76 44.82 44.82 1 1
1.2 2.25 27.5 27 28 756.43 47.31 47.31 41.74 41.74 1 1
1.2 2.25 28.5 28 29 708.95 38.23 38.23 136.23 136.23 1 1
1.2 2.25 29.5 29 30 543.8 48.46 48.46 28.04 28.04 1 1
1.2 2.25 30.5 30 31 453 40.79 40.79 24.09 24.09 1 1
1.2 2.25 31.5 31 32 402.59 42.11 42.11 24.68 24.68 1 1
1.2 2.25 33 32 34 316.01 24.41 24.41 16.68 16.68 1 1
1.2 2.25 35 34 36 186.07 15.41 15.41 9.39 9.39 1 1
1.2 2.25 37 36 38 138.52 16.16 16.16 7.59 7.59 1 1
1.2 2.25 39 38 40 111.37 10.61 10.61 6.83 6.83 1 1
1.2 2.25 42.5 40 45 66.29 6.78 6.78 3.44 3.44 1 1
1.2 2.25 47.5 45 50 42.98 3.94 3.94 2.58 2.58 1 1
1.2 2.25 55 50 60 17.62 2.31 2.31 1.04 1.04 1 1
1.2 2.25 65 60 70 8.09 1.38 1.38 0.64 0.64 1 1
