0 1.2 0.5 0 1 14099.2 462.5 462.5 964.76 964.76 1 1
0 1.2 1.5 1 2 37169.6 901 901 2312.76 2312.76 1 1
0 1.2 2.5 2 3 43895.4 1013.67 1013.67 2868.3 2868.3 1 1
0 1.2 3.5 3 4 53632.2 1219.81 1219.81 2121.16 2121.16 1 1
0 1.2 4.5 4 5 51016.7 1122.06 1122.06 2570.79 2570.79 1 1
0 1.2 5.5 5 6 41440.4 989.2 989.2 1950.95 1950.95 1 1
0 1.2 6.5 6 7 35410 818.33 818.33 2072.88 2072.88 1 1
0 1.2 7.5 7 8 29636.4 1227.45 1227.45 2140.29 2140.29 1 1
0 1.2 8.5 8 9 22632.6 664.19 664.19 1532.72 1532.72 1 1
0 1.2 9.5 9 10 19053.9 465.43 465.43 1025.33 1025.33 1 1
0 1.2 11 10 12 12611.5 283.93 283.93 547.18 547.18 1 1
0 1.2 13 12 14 7939.33 153.6 153.6 437.05 437.05 1 1
0 1.2 15 14 16 5343.06 82.14 82.14 119.26 119.26 1 1
0 1.2 17 16 18 3309.25 59.1 59.1 77.34 77.34 1 1
0 1.2 19 18 20 2072.13 43.89 43.89 32.81 32.81 1 1
0 1.2 21 20 22 1337.29 33.56 33.56 22.57 22.57 1 1
0 1.2 23 22 24 897.91 27.06 27.06 15.91 15.91 1 1
0 1.2 25 24 26 608.07 21.34 21.34 12.89 12.89 1 1
0 1.2 27 26 28 418.21 18.39 18.39 13.9 13.9 1 1
0 1.2 29 28 30 296.1 14.47 14.47 9.53 9.53 1 1
0 1.2 31 30 32 209.3 12.56 12.56 7.17 7.17 1 1
0 1.2 34 32 36 128.9 6.82 6.82 2.51 2.51 1 1
0 1.2 38 36 40 74.37 5.13 5.13 2.15 2.15 1 1
0 1.2 45 40 50 31.83 2.21 2.21 1.06 1.06 1 1
0 1.2 60 50 70 7.51 0.67 0.67 0.76 0.76 1 1
