0 1.2 0.25 0 0.5 35392.8 936.86 936.86 2541.91 2541.91 1 1
0 1.2 0.75 0.5 1 98878.2 2155.91 2155.91 6370.61 6370.61 1 1
0 1.2 1.25 1 1.5 148372 2587.05 2587.05 13288.4 13288.4 1 1
0 1.2 1.75 1.5 2 182173 2985.8 2985.8 10817.9 10817.9 1 1
0 1.2 2.25 2 2.5 206776 3191.88 3191.88 12168 12168 1 1
0 1.2 2.75 2.5 3 231574 2809.87 2809.87 12571.3 12571.3 1 1
0 1.2 3.25 3 3.5 242509 3533.43 3533.43 14413.3 14413.3 1 1
0 1.2 3.75 3.5 4 240951 3492.8 3492.8 13939.3 13939.3 1 1
0 1.2 4.25 4 4.5 229797 3058.9 3058.9 13283.7 13283.7 1 1
0 1.2 4.75 4.5 5 208979 2937.09 2937.09 12685.5 12685.5 1 1
0 1.2 5.25 5 5.5 184938 2939.08 2939.08 10690.5 10690.5 1 1
0 1.2 5.75 5.5 6 179762 2576.18 2576.18 10602.5 10602.5 1 1
0 1.2 6.25 6 6.5 157286 2420.64 2420.64 9502.68 9502.68 1 1
0 1.2 6.75 6.5 7 136730 1824.43 1824.43 6961.64 6961.64 1 1
0 1.2 7.25 7 7.5 122675 1731.36 1731.36 7321.94 7321.94 1 1
0 1.2 7.75 7.5 8 108822 1984.32 1984.32 6924 6924 1 1
0 1.2 8.25 8 8.5 94001.6 1559.85 1559.85 5401.66 5401.66 1 1
0 1.2 8.75 8.5 9 82014.8 1322.67 1322.67 4261.48 4261.48 1 1
0 1.2 9.25 9 9.5 71983.7 1157.24 1157.24 3734.32 3734.32 1 1
0 1.2 9.75 9.5 10 62278.5 746.27 746.27 3708.91 3708.91 1 1
0 1.2 10.5 10 11 49124.3 663.51 663.51 2528.63 2528.63 1 1
0 1.2 11.5 11 12 35832.9 426.62 426.62 1766.62 1766.62 1 1
0 1.2 12.5 12 13 27727.3 319.35 319.35 1417.77 1417.77 1 1
0 1.2 13.5 13 14 20263.4 332.39 332.39 1074.79 1074.79 1 1
0 1.2 14.5 14 15 16302.8 182 182 741.02 741.02 1 1
0 1.2 15.5 15 16 12331.7 142.19 142.19 580.95 580.95 1 1
0 1.2 16.5 16 17 9516.72 126.55 126.55 430.1 430.1 1 1
0 1.2 17.5 17 18 7338.76 107.58 107.58 314.7 314.7 1 1
0 1.2 18.5 18 19 5701.8 88.57 88.57 246.09 246.09 1 1
0 1.2 19.5 19 20 4476.17 76.01 76.01 183.31 183.31 1 1
0 1.2 20.5 20 21 3595.25 63.94 63.94 146.62 146.62 1 1
0 1.2 21.5 21 22 2801.82 56.97 56.97 117.78 117.78 1 1
0 1.2 22.5 22 23 2288.65 51.14 51.14 95.51 95.51 1 1
0 1.2 23.5 23 24 1867.8 46.03 46.03 75.67 75.67 1 1
0 1.2 24.5 24 25 1472.76 40.61 40.61 62.77 62.77 1 1
0 1.2 25.5 25 26 1240.35 37.7 37.7 51.78 51.78 1 1
0 1.2 26.5 26 27 988.08 32.44 32.44 41.32 41.32 1 1
0 1.2 27.5 27 28 780.36 30.2 30.2 31.61 31.61 1 1
0 1.2 28.5 28 29 662.63 26.21 26.21 29.21 29.21 1 1
0 1.2 29.5 29 30 599.29 24.61 24.61 24.37 24.37 1 1
0 1.2 30.5 30 31 488.3 22.76 22.76 22.06 22.06 1 1
0 1.2 31.5 31 32 374.2 19.91 19.91 14.98 14.98 1 1
0 1.2 33 32 34 309.67 12.43 12.43 12.61 12.61 1 1
0 1.2 35 34 36 236.99 11.26 11.26 9.63 9.63 1 1
0 1.2 37 36 38 164.84 9.21 9.21 6.79 6.79 1 1
0 1.2 39 38 40 126.49 7.96 7.96 5.26 5.26 1 1
0 1.2 42.5 40 45 74.05 4 4 3.19 3.19 1 1
0 1.2 47.5 45 50 41.24 2.96 2.96 2.2 2.2 1 1
0 1.2 55 50 60 18.07 1.38 1.38 0.84 0.84 1 1
0 1.2 65 60 70 7.28 0.89 0.89 0.38 0.38 1 1
