1.2 2.25 0.5 0 1 8881.54 846.69 846.69 663.87 663.87 1 1
1.2 2.25 1.5 1 2 15115 1422.31 1422.31 4764.74 4764.74 1 1
1.2 2.25 2.5 2 3 17766.9 1953.84 1953.84 1867.56 1867.56 1 1
1.2 2.25 3.5 3 4 18882.1 1690.49 1690.49 2960.55 2960.55 1 1
1.2 2.25 4.5 4 5 26040.3 1393.95 1393.95 2631.89 2631.89 1 1
1.2 2.25 5.5 5 6 22076.5 1405.24 1405.24 2111.55 2111.55 1 1
1.2 2.25 6.5 6 7 17509.5 1123.72 1123.72 1345.68 1345.68 1 1
1.2 2.25 7.5 7 8 16461.5 915.81 915.81 920.65 920.65 1 1
1.2 2.25 8.5 8 9 13129.7 758.7 758.7 691.99 691.99 1 1
1.2 2.25 9.5 9 10 11208.9 655.52 655.52 470.63 470.63 1 1
1.2 2.25 11 10 12 8224.32 338.75 338.75 276.97 276.97 1 1
1.2 2.25 13 12 14 4877.85 225.9 225.9 154.17 154.17 1 1
1.2 2.25 15 14 16 2836.45 142.77 142.77 110.62 110.62 1 1
1.2 2.25 17 16 18 2619.5 138.51 138.51 81.94 81.94 1 1
1.2 2.25 19 18 20 1455.57 96.37 96.37 50.14 50.14 1 1
1.2 2.25 21 20 22 920.66 58.51 58.51 28.23 28.23 1 1
1.2 2.25 23 22 24 719.97 52.92 52.92 16.69 16.69 1 1
1.2 2.25 25 24 26 426.54 46.85 46.85 14.92 14.92 1 1
1.2 2.25 27 26 28 254.7 34.09 34.09 10.23 10.23 1 1
1.2 2.25 29 28 30 275.27 33.11 33.11 34.32 34.32 1 1
1.2 2.25 31 30 32 124.41 26.59 26.59 11.89 11.89 1 1
1.2 2.25 34 32 36 72.23 12.52 12.52 4.03 4.03 1 1
1.2 2.25 38 36 40 45.15 9.58 9.58 3.57 3.57 1 1
1.2 2.25 45 40 50 23.86 4.88 4.88 1.36 1.36 1 1
