0.6 1.2 20.9 20 22 5.46 0.09282 0.09282 0.42588 0.42588 1 1
0.6 1.2 22.9 22 24 3.77 0.07917 0.07917 0.25259 0.25259 1 1
0.6 1.2 25 24 26 2.44 0.05124 0.05124 0.14884 0.14884 1 1
0.6 1.2 26.9 26 28 1.75 0.04375 0.04375 0.09275 0.09275 1 1
0.6 1.2 29 28 30 1.21 0.03751 0.03751 0.06292 0.06292 1 1
0.6 1.2 31 30 32 0.862 0.03017 0.03017 0.045686 0.045686 1 1
0.6 1.2 33 32 34 0.626 0.025666 0.025666 0.0313 0.0313 1 1
0.6 1.2 35 34 36 0.455 0.023205 0.023205 0.02457 0.02457 1 1
0.6 1.2 37 36 38 0.312 0.01872 0.01872 0.019032 0.019032 1 1
0.6 1.2 39 38 40 0.265 0.017225 0.017225 0.01643 0.01643 1 1
0.6 1.2 41.4 40 43 0.191 0.010887 0.010887 0.009741 0.009741 1 1
0.6 1.2 44.4 43 46 0.117 0.008541 0.008541 0.00585 0.00585 1 1
0.6 1.2 47.9 46 50 0.0825 0.005775 0.005775 0.0042075 0.0042075 1 1
0.6 1.2 52.3 50 55 0.0496 0.0040672 0.0040672 0.0025792 0.0025792 1 1
0.6 1.2 57.3 55 60 0.0296 0.003256 0.003256 0.0016576 0.0016576 1 1
0.6 1.2 64.3 60 70 0.0172 0.001892 0.001892 0.0009632 0.0009632 1 1
0.6 1.2 80.5 70 100 0.00485 0.000582 0.000582 0.0002716 0.0002716 1 1
