0.6 1.2 20.9 20 22 2.3 0.0621 0.0621 0.1587 0.1587 1 1
0.6 1.2 22.9 22 24 1.6 0.0528 0.0528 0.1136 0.1136 1 1
0.6 1.2 25 24 26 1.16 0.03596 0.03596 0.07076 0.07076 1 1
0.6 1.2 26.9 26 28 0.827 0.030599 0.030599 0.048793 0.048793 1 1
0.6 1.2 29 28 30 0.539 0.024794 0.024794 0.031262 0.031262 1 1
0.6 1.2 31 30 32 0.428 0.022256 0.022256 0.02782 0.02782 1 1
0.6 1.2 33 32 34 0.331 0.019198 0.019198 0.018867 0.018867 1 1
0.6 1.2 35 34 36 0.247 0.018772 0.018772 0.015314 0.015314 1 1
0.6 1.2 37 36 38 0.161 0.013363 0.013363 0.00966 0.00966 1 1
0.6 1.2 39 38 40 0.123 0.011562 0.011562 0.007134 0.007134 1 1
0.6 1.2 41.4 40 43 0.103 0.00824 0.00824 0.005562 0.005562 1 1
0.6 1.2 44.4 43 46 0.0568 0.006248 0.006248 0.00284 0.00284 1 1
0.6 1.2 47.9 46 50 0.0332 0.003984 0.003984 0.0017928 0.0017928 1 1
0.6 1.2 52.3 50 55 0.0257 0.003084 0.003084 0.0013878 0.0013878 1 1
0.6 1.2 57.3 55 60 0.0177 0.002478 0.002478 0.0010266 0.0010266 1 1
0.6 1.2 64.3 60 70 0.011 0.00143 0.00143 0.000693 0.000693 1 1
0.6 1.2 80.5 70 100 0.00224 0.0003808 0.0003808 0.00015904 0.00015904 1 1
