0 0.6 20.9 20 22 2.45 0.0637 0.0637 0.14945 0.14945 1 1
0 0.6 22.9 22 24 1.55 0.03565 0.03565 0.08835 0.08835 1 1
0 0.6 25 24 26 1.15 0.03105 0.03105 0.0598 0.0598 1 1
0 0.6 26.9 26 28 0.754 0.024882 0.024882 0.036946 0.036946 1 1
0 0.6 29 28 30 0.551 0.020387 0.020387 0.02755 0.02755 1 1
0 0.6 31 30 32 0.402 0.019296 0.019296 0.021708 0.021708 1 1
0 0.6 33 32 34 0.304 0.017632 0.017632 0.01824 0.01824 1 1
0 0.6 35 34 36 0.236 0.013924 0.013924 0.011328 0.011328 1 1
0 0.6 37 36 38 0.154 0.011088 0.011088 0.007238 0.007238 1 1
0 0.6 39 38 40 0.128 0.009984 0.009984 0.006272 0.006272 1 1
0 0.6 41.4 40 43 0.0952 0.0072352 0.0072352 0.0049504 0.0049504 1 1
0 0.6 44.4 43 46 0.0683 0.0056689 0.0056689 0.0033467 0.0033467 1 1
0 0.6 47.9 46 50 0.0453 0.0041223 0.0041223 0.0021744 0.0021744 1 1
0 0.6 52.3 50 55 0.0281 0.0027819 0.0027819 0.0014331 0.0014331 1 1
0 0.6 57.3 55 60 0.02 0.0022 0.0022 0.0011 0.0011 1 1
0 0.6 64.3 60 70 0.00899 0.0011687 0.0011687 0.00049445 0.00049445 1 1
0 0.6 80.5 70 100 0.00191 0.0003629 0.0003629 0.00012033 0.00012033 1 1
