0.6 0.9 10.5 10 11 38.2 0.616 0.616 2.38 2.38 1 1
0.6 0.9 11.5 11 12 24.2 0.399 0.399 1.22 1.22 1 1
0.6 0.9 12.5 12 13 15.8 0.287 0.287 0.733 0.733 1 1
0.6 0.9 13.5 13 14 10.7 0.212 0.212 0.466 0.466 1 1
0.6 0.9 14.5 14 15 6.98 0.159 0.159 0.3 0.3 1 1
0.6 0.9 15.5 15 16 4.96 0.128 0.128 0.22 0.22 1 1
0.6 0.9 16.5 16 17 3.42 0.105 0.105 0.145 0.145 1 1
0.6 0.9 17.5 17 18 2.58 0.0871 0.0871 0.112 0.112 1 1
0.6 0.9 18.5 18 19 1.96 0.073 0.073 0.0819 0.0819 1 1
0.6 0.9 19.5 19 20 1.42 0.0606 0.0606 0.0613 0.0613 1 1
0.6 0.9 21.25 20 22.5 0.896 0.0299 0.0299 0.0424 0.0424 1 1
0.6 0.9 23.75 22.5 25 0.457 0.0205 0.0205 0.0216 0.0216 1 1
0.6 0.9 26.25 25 27.5 0.275 0.0158 0.0158 0.0148 0.0148 1 1
0.6 0.9 28.75 27.5 30 0.181 0.0129 0.0129 0.00955 0.00955 1 1
0.6 0.9 32.5 30 35 0.084 0.00609 0.00609 0.00465 0.00465 1 1
0.6 0.9 37.5 35 40 0.0374 0.00427 0.00427 0.00276 0.00276 1 1
0.6 0.9 47.5 40 55 0.0103 0.00137 0.00137 0.000809 0.000809 1 1
0.6 0.9 65 55 75 0.00219 0.000617 0.000617 0.000263 0.000263 1 1
