0.6 1.2 11 10 12 55260 276.3 276.3 3370.86 3481.38 1 1
0.6 1.2 13 12 14 31331 187.986 187.986 1284.57 1315.9 1 1
0.6 1.2 15 14 16 18063 126.441 126.441 686.394 722.52 1 1
0.6 1.2 17 16 18 10481 94.329 94.329 398.278 408.759 1 1
0.6 1.2 19 18 20 6286 69.146 69.146 232.582 238.868 1 1
0.6 1.2 21 20 22 3875 54.25 54.25 147.25 151.125 1 1
0.6 1.2 23 22 24 2439 39.024 39.024 87.804 90.243 1 1
0.6 1.2 25 24 26 1633 31.027 31.027 62.054 63.687 1 1
0.6 1.2 27 26 28 1080 23.76 23.76 41.04 42.12 1 1
0.6 1.2 29 28 30 765 19.125 19.125 28.305 29.07 1 1
0.6 1.2 31 30 32 484 18.392 18.392 24.2 24.684 1 1
0.6 1.2 33 32 34 371 13.727 13.727 22.26 22.631 1 1
0.6 1.2 35 34 36 263 11.309 11.309 9.731 9.994 1 1
0.6 1.2 37 36 38 193 9.457 9.457 6.948 7.141 1 1
0.6 1.2 39 38 40 152 8.664 8.664 5.624 5.776 1 1
0.6 1.2 41.4 40 43 98 5.88 5.88 4.9 4.9 1 1
0.6 1.2 44.4 43 46 73 4.745 4.745 5.183 5.183 1 1
0.6 1.2 47.9 46 50 51 3.417 3.417 2.04 2.04 1 1
0.6 1.2 52.4 50 55 27 2.322 2.322 1.377 1.377 1 1
0.6 1.2 57.4 55 60 15 1.68 1.68 0.765 0.75 1 1
0.6 1.2 64.6 60 70 8.1 0.8748 0.8748 0.4536 0.4536 1 1
0.6 1.2 82 70 100 1.6 0.24 0.24 0.1184 0.1152 1 1
