0 0.3 10.5 10 11 1120 3.71 3.71 88.5 88.5 1 1
0 0.3 11.5 11 12 655 2 2 38.4 38.4 1 1
0 0.3 12.5 12 13 406 1.35 1.35 20.5 20.5 1 1
0 0.3 13.5 13 14 265 0.986 0.986 12.4 12.4 1 1
0 0.3 14.5 14 15 178 0.771 0.771 8.07 8.07 1 1
0 0.3 15.5 15 16 121 0.584 0.584 5.36 5.36 1 1
0 0.3 16.5 16 17 82.5 0.461 0.461 3.6 3.6 1 1
0 0.3 17.5 17 18 60.5 0.381 0.381 2.61 2.61 1 1
0 0.3 18.5 18 19 44.2 0.316 0.316 1.91 1.91 1 1
0 0.3 19.5 19 20 32.5 0.264 0.264 1.41 1.41 1 1
0 0.3 20.5 20 21 24.2 0.223 0.223 1.05 1.05 1 1
0 0.3 21.5 21 22 19.2 0.195 0.195 0.832 0.832 1 1
0 0.3 22.5 22 23 14.6 0.168 0.168 0.633 0.633 1 1
0 0.3 23.5 23 24 11.2 0.145 0.145 0.485 0.485 1 1
0 0.3 24.5 24 25 8.92 0.127 0.127 0.39 0.39 1 1
0 0.3 25.5 25 26 7.43 0.115 0.115 0.323 0.323 1 1
0 0.3 26.5 26 27 5.66 0.0993 0.0993 0.248 0.248 1 1
0 0.3 27.5 27 28 4.72 0.0908 0.0908 0.206 0.206 1 1
0 0.3 28.5 28 29 3.83 0.08 0.08 0.169 0.169 1 1
0 0.3 29.5 29 30 3.04 0.0708 0.0708 0.135 0.135 1 1
0 0.3 31 30 32 2.35 0.0439 0.0439 0.105 0.105 1 1
0 0.3 33 32 34 1.69 0.037 0.037 0.0757 0.0757 1 1
0 0.3 35 34 36 1.17 0.0304 0.0304 0.0528 0.0528 1 1
0 0.3 37 36 38 0.87 0.0263 0.0263 0.0564 0.0564 1 1
0 0.3 40 38 42 0.567 0.0149 0.0149 0.0368 0.0368 1 1
0 0.3 44 42 46 0.334 0.0114 0.0114 0.0216 0.0216 1 1
0 0.3 48 46 50 0.213 0.00933 0.00933 0.0138 0.0138 1 1
0 0.3 55 50 60 0.1 0.0041 0.0041 0.0109 0.0109 1 1
0 0.3 67.5 60 75 0.0306 0.00197 0.00197 0.00339 0.00339 1 1
0 0.3 85 75 95 0.007 0.000875 0.000875 0.000786 0.000786 1 1
