0.3 0.6 10.5 10 11 38 0.627 0.627 2.36 2.36 1 1
0.3 0.6 11.5 11 12 24.8 0.412 0.412 1.25 1.25 1 1
0.3 0.6 12.5 12 13 15.1 0.282 0.282 0.7 0.7 1 1
0.3 0.6 13.5 13 14 10.7 0.209 0.209 0.466 0.466 1 1
0.3 0.6 14.5 14 15 7.51 0.164 0.164 0.322 0.322 1 1
0.3 0.6 15.5 15 16 4.97 0.127 0.127 0.221 0.221 1 1
0.3 0.6 16.5 16 17 3.57 0.103 0.103 0.152 0.152 1 1
0.3 0.6 17.5 17 18 2.63 0.0862 0.0862 0.114 0.114 1 1
0.3 0.6 18.5 18 19 1.87 0.0702 0.0702 0.0782 0.0782 1 1
0.3 0.6 19.5 19 20 1.3 0.0578 0.0578 0.0559 0.0559 1 1
0.3 0.6 21.25 20 22.5 0.883 0.0293 0.0293 0.0418 0.0418 1 1
0.3 0.6 23.75 22.5 25 0.505 0.0213 0.0213 0.0239 0.0239 1 1
0.3 0.6 26.25 25 27.5 0.29 0.0156 0.0156 0.0156 0.0156 1 1
0.3 0.6 28.75 27.5 30 0.166 0.012 0.012 0.00877 0.00877 1 1
0.3 0.6 32.5 30 35 0.087 0.00626 0.00626 0.00482 0.00482 1 1
0.3 0.6 37.5 35 40 0.0295 0.00369 0.00369 0.00218 0.00218 1 1
0.3 0.6 47.5 40 55 0.00964 0.0013 0.0013 0.000758 0.000758 1 1
0.3 0.6 65 55 75 0.00214 0.000569 0.000569 0.000258 0.000258 1 1
