0 0.3 10.5 10 11 40.7 0.68 0.68 3.06 3.06 1 1
0 0.3 11.5 11 12 25.4 0.418 0.418 1.47 1.47 1 1
0 0.3 12.5 12 13 16.2 0.288 0.288 0.835 0.835 1 1
0 0.3 13.5 13 14 10.4 0.21 0.21 0.498 0.498 1 1
0 0.3 14.5 14 15 7.77 0.169 0.169 0.366 0.366 1 1
0 0.3 15.5 15 16 5.08 0.13 0.13 0.244 0.244 1 1
0 0.3 16.5 16 17 3.79 0.105 0.105 0.176 0.176 1 1
0 0.3 17.5 17 18 2.69 0.0865 0.0865 0.128 0.128 1 1
0 0.3 18.5 18 19 1.94 0.0713 0.0713 0.0886 0.0886 1 1
0 0.3 19.5 19 20 1.43 0.0612 0.0612 0.0673 0.0673 1 1
0 0.3 21.25 20 22.5 0.907 0.0294 0.0294 0.0465 0.0465 1 1
0 0.3 23.75 22.5 25 0.469 0.0205 0.0205 0.0242 0.0242 1 1
0 0.3 26.25 25 27.5 0.281 0.0158 0.0158 0.0163 0.0163 1 1
0 0.3 28.75 27.5 30 0.165 0.0119 0.0119 0.00946 0.00946 1 1
0 0.3 32.5 30 35 0.0883 0.00598 0.00598 0.00531 0.00531 1 1
0 0.3 37.5 35 40 0.0367 0.00376 0.00376 0.00285 0.00285 1 1
0 0.3 47.5 40 55 0.00996 0.00133 0.00133 0.000821 0.000821 1 1
0 0.3 65 55 75 0.00273 0.000609 0.000609 0.000336 0.000336 1 1
