0.9 1.2 10.5 10 11 884 2.15 2.15 48.6 48.6 1 1
0.9 1.2 11.5 11 12 538 1.46 1.46 25.2 25.2 1 1
0.9 1.2 12.5 12 13 339 1.07 1.07 13 13 1 1
0.9 1.2 13.5 13 14 218 0.801 0.801 8.25 8.25 1 1
0.9 1.2 14.5 14 15 146 0.638 0.638 5.77 5.77 1 1
0.9 1.2 15.5 15 16 103 0.504 0.504 3.4 3.4 1 1
0.9 1.2 16.5 16 17 70 0.401 0.401 2.32 2.32 1 1
0.9 1.2 17.5 17 18 50 0.328 0.328 1.66 1.66 1 1
0.9 1.2 18.5 18 19 36.4 0.264 0.264 1.2 1.2 1 1
0.9 1.2 19.5 19 20 26.7 0.231 0.231 0.887 0.887 1 1
0.9 1.2 20.5 20 21 20.3 0.196 0.196 0.675 0.675 1 1
0.9 1.2 21.5 21 22 15.4 0.17 0.17 0.512 0.512 1 1
0.9 1.2 22.5 22 23 12 0.149 0.149 0.401 0.401 1 1
0.9 1.2 23.5 23 24 9.36 0.128 0.128 0.315 0.315 1 1
0.9 1.2 24.5 24 25 7.46 0.114 0.114 0.254 0.254 1 1
0.9 1.2 25.5 25 26 5.96 0.101 0.101 0.203 0.203 1 1
0.9 1.2 26.5 26 27 4.96 0.0908 0.0908 0.17 0.17 1 1
0.9 1.2 27.5 27 28 3.74 0.079 0.079 0.128 0.128 1 1
0.9 1.2 28.5 28 29 3.08 0.0707 0.0707 0.107 0.107 1 1
0.9 1.2 29.5 29 30 2.5 0.0635 0.0635 0.0873 0.0873 1 1
0.9 1.2 31 30 32 1.9 0.0392 0.0392 0.0665 0.0665 1 1
0.9 1.2 33 32 34 1.34 0.0327 0.0327 0.0473 0.0473 1 1
0.9 1.2 35 34 36 0.962 0.0279 0.0279 0.0342 0.0342 1 1
0.9 1.2 37 36 38 0.703 0.0236 0.0236 0.0411 0.0411 1 1
0.9 1.2 40 38 42 0.47 0.0134 0.0134 0.0277 0.0277 1 1
0.9 1.2 44 42 46 0.263 0.0098 0.0098 0.0154 0.0154 1 1
0.9 1.2 48 46 50 0.164 0.00811 0.00811 0.00972 0.00972 1 1
0.9 1.2 55 50 60 0.0703 0.00346 0.00346 0.00739 0.00739 1 1
0.9 1.2 67.5 60 75 0.0239 0.00175 0.00175 0.00256 0.00256 1 1
0.9 1.2 85 75 95 0.00723 0.000868 0.000868 0.000782 0.000782 1 1
