0  1.2  11    10  12   116415   465.66   465.66   7450.56   7799.805  1  1
0  1.2  13    12  14   65266.0  261.064  261.064  3002.236  3198.034  1  1
0  1.2  15    14  16   37778.0  188.89   188.89   1624.454  1737.788  1  1
0  1.2  17    16  18   22008.0  132.048  132.048  902.328   968.352   1  1
0  1.2  19    18  20   13212.0  92.484   92.484   541.692   554.904   1  1
0  1.2  21    20  22   8116.0   73.044   73.044   324.64    332.756   1  1
0  1.2  23    22  24   5162.0   51.62    51.62    201.318   206.48    1  1
0  1.2  25    24  26   3483.0   45.279   45.279   135.837   139.32    1  1
0  1.2  27    26  28   2197.0   32.955   32.955   87.88     87.88     1  1
0  1.2  29    28  30   1611.0   28.998   28.988   64.44     66.051    1  1
0  1.2  31    30  32   1077.0   24.771   24.771   45.234    46.311    1  1
0  1.2  33    32  34   791.0    12.775   19.775   37.177    37.177    1  1
0  1.2  35    34  36   577.0    16.156   16.156   23.657    23.657    1  1
0  1.2  37    36  38   402.0    12.668   12.668   16.08     16.482    1  1
0  1.2  39    38  40   308.0    12.012   12.012   12.012    12.012    1  1
0  1.2  41.4  40  43   212.0    8.268    8.268    8.692     8.904     1  1
0  1.2  44.4  43  46   148.0    6.66     6.66     7.844     7.844     1  1
0  1.2  47.9  46  50   100.0    4.7      4.7      4.0       4.0       1  1
0  1.2  52.4  50  55   51.0     3.213    3.213    2.55      2.55      1  1
0  1.2  57.4  55  60   29.0     2.291    2.291    1.566     1.566     1  1
0  1.2  64.6  60  70   17.0     1.258    1.258    1.02      1.03      1  1
0  1.2  82.0  70  100  3.9      0.3783   0.3783   0.3471    0.3432    1  1
