0.6 1.2 11 10 12 9855 1.6 1.6 9.45 9.45 1 1
0.6 1.2 13 12 14 6741 1.5 1.5 5.75 5.75 1 1
0.6 1.2 15 14 16 4298 2 2 5.6 5.6 1 1
0.6 1.2 17 16 18 2759 2.3 2.3 4.9 4.9 1 1
0.6 1.2 19 18 20 1871 2.6 2.6 4.65 4.65 1 1
0.6 1.2 21 20 22 1220 3 3 5.1 5.1 1 1
0.6 1.2 23 22 24 819 3 3 4.1 4.1 1 1
0.6 1.2 25 24 26 530 3.7 3.7 4.1 4.1 1 1
0.6 1.2 27 26 28 377 4.3 4.3 4.75 4.75 1 1
0.6 1.2 29 28 30 274 5 5 4.25 4.25 1 1
0.6 1.2 31 30 32 170 7.8 7.8 10.3 10.3 1 1
0.6 1.2 33 32 34 123 7.8 7.8 10.35 10.35 1 1
0.6 1.2 35 34 36 101 8.1 8.1 4.35 4.35 1 1
0.6 1.2 37 36 38 84 8.6 8.6 4.35 4.35 1 1
0.6 1.2 39 38 40 47 11.9 11.9 4.25 4.25 1 1
0.6 1.2 41.4 40 43 43 9.8 9.8 4.25 4.25 1 1
0.6 1.2 44.4 43 46 34 11.1 11.1 13.4 13.4 1 1
0.6 1.2 47.9 46 50 16 14.2 14.2 4.1 4.1 1 1
0.6 1.2 52.4 50 55 8.7 18.3 18.3 4.1 4.1 1 1
0.6 1.2 57.4 55 60 11 13.7 13.7 4.6 4.6 1 1
0.6 1.2 64.6 60 70 3.3 20.9 20.9 5.25 5.25 1 1
0.6 1.2 82 70 100 1.3 19.8 19.8 6.65 6.65 1 1
