0.3 0.6 20.5 20 21 46.3 0.6019 0.6019 2.1298 2.1298 1 1
0.3 0.6 21.5 21 22 36.5 0.438 0.438 1.752 1.752 1 1
0.3 0.6 22.5 22 23 28 0.364 0.364 1.26 1.26 1 1
0.3 0.6 23.5 23 24 22.5 0.315 0.315 1.0125 1.0125 1 1
0.3 0.6 24.5 24 25 18.1 0.2715 0.2715 0.8145 0.8145 1 1
0.3 0.6 25.5 25 26 15 0.255 0.255 0.675 0.675 1 1
0.3 0.6 26.5 26 27 12.2 0.2196 0.2196 0.5368 0.5368 1 1
0.3 0.6 27.5 27 28 10 0.2 0.2 0.44 0.44 1 1
0.3 0.6 28.5 28 29 8.31 0.18282 0.18282 0.37395 0.37395 1 1
0.3 0.6 29.5 29 30 6.92 0.16608 0.16608 0.3114 0.3114 1 1
0.3 0.6 31 30 32 5.44 0.10336 0.10336 0.2448 0.2448 1 1
0.3 0.6 33 32 34 3.84 0.08448 0.08448 0.17664 0.17664 1 1
0.3 0.6 35 34 36 2.84 0.071 0.071 0.13916 0.13916 1 1
0.3 0.6 37 36 38 2.03 0.05887 0.05887 0.10962 0.10962 1 1
0.3 0.6 39.8 38 42 1.4 0.035 0.035 0.0798 0.0798 1 1
0.3 0.6 43.8 42 46 0.833 0.026656 0.026656 0.050813 0.050813 1 1
0.3 0.6 47.8 46 50 0.548 0.02192 0.02192 0.033428 0.033428 1 1
0.3 0.6 54.2 50 60 0.274 0.00959 0.00959 0.019454 0.019454 1 1
0.3 0.6 66 60 75 0.0905 0.004525 0.004525 0.0062445 0.0062445 1 1
0.3 0.6 82.7 75 95 0.0262 0.002227 0.002227 0.0016768 0.0016768 1 1
0.3 0.6 104.7 95 120 0.00856 0.001284 0.001284 0.00070192 0.00070192 1 1
