0.6 0.9 10.5 10 11 1020 2.88 2.88 63 63 1 1
0.6 0.9 11.5 11 12 620 1.83 1.83 30 30 1 1
0.6 0.9 12.5 12 13 397 1.29 1.29 17.1 17.1 1 1
0.6 0.9 13.5 13 14 254 0.936 0.936 10.3 10.3 1 1
0.6 0.9 14.5 14 15 167 0.706 0.706 6.67 6.67 1 1
0.6 0.9 15.5 15 16 114 0.553 0.553 4.47 4.47 1 1
0.6 0.9 16.5 16 17 79.7 0.454 0.454 3.06 3.06 1 1
0.6 0.9 17.5 17 18 57.6 0.363 0.363 2.2 2.2 1 1
0.6 0.9 18.5 18 19 41.8 0.3 0.3 1.59 1.59 1 1
0.6 0.9 19.5 19 20 31.1 0.252 0.252 1.17 1.17 1 1
0.6 0.9 20.5 20 21 23.1 0.215 0.215 0.868 0.868 1 1
0.6 0.9 21.5 21 22 18 0.185 0.185 0.675 0.675 1 1
0.6 0.9 22.5 22 23 13.5 0.158 0.158 0.507 0.507 1 1
0.6 0.9 23.5 23 24 10.7 0.139 0.139 0.4 0.4 1 1
0.6 0.9 24.5 24 25 8.39 0.121 0.121 0.314 0.314 1 1
0.6 0.9 25.5 25 26 6.86 0.108 0.108 0.254 0.254 1 1
0.6 0.9 26.5 26 27 5.35 0.0949 0.0949 0.199 0.199 1 1
0.6 0.9 27.5 27 28 4.26 0.0845 0.0845 0.157 0.157 1 1
0.6 0.9 28.5 28 29 3.65 0.0769 0.0769 0.135 0.135 1 1
0.6 0.9 29.5 29 30 2.91 0.0684 0.0684 0.108 0.108 1 1
0.6 0.9 31 30 32 2.22 0.0419 0.0419 0.0821 0.0821 1 1
0.6 0.9 33 32 34 1.53 0.0346 0.0346 0.0569 0.0569 1 1
0.6 0.9 35 34 36 1.13 0.0294 0.0294 0.042 0.042 1 1
0.6 0.9 37 36 38 0.832 0.025 0.025 0.0494 0.0494 1 1
0.6 0.9 40 38 42 0.539 0.014 0.014 0.032 0.032 1 1
0.6 0.9 44 42 46 0.313 0.0106 0.0106 0.0185 0.0185 1 1
0.6 0.9 48 46 50 0.18 0.0118 0.0118 0.0107 0.0107 1 1
0.6 0.9 55 50 60 0.0837 0.00358 0.00358 0.00879 0.00879 1 1
0.6 0.9 67.5 60 75 0.0272 0.00177 0.00177 0.00293 0.00293 1 1
0.6 0.9 85 75 95 0.0098 0.000946 0.000946 0.00107 0.00107 1 1
