0 0.6 11 10 12 10951 1.4 1.4 10.65 10.65 1 1
0 0.6 13 12 14 7181 1.4 1.4 7.55 7.55 1 1
0 0.6 15 14 16 4596 1.6 1.6 6 6 1 1
0 0.6 17 16 18 3097 1.7 1.7 5.85 5.85 1 1
0 0.6 19 18 20 1966 2 2 5.4 5.4 1 1
0 0.6 21 20 22 1423 2.2 2.2 5.1 5.1 1 1
0 0.6 23 22 24 893 2.7 2.7 4.8 4.8 1 1
0 0.6 25 24 26 594 3.3 3.3 5 5 1 1
0 0.6 27 26 28 381 4.4 4.4 6.15 6.15 1 1
0 0.6 29 28 30 314 4.7 4.7 6.05 6.05 1 1
0 0.6 31 30 32 209 5.2 5.2 5.1 5.1 1 1
0 0.6 33 32 34 162 6.5 6.5 6.45 6.45 1 1
0 0.6 35 34 36 112 7.1 7.1 5.75 5.75 1 1
0 0.6 37 36 38 92 7.5 7.5 4.65 4.65 1 1
0 0.6 39 38 40 61 9.5 9.5 4.65 4.65 1 1
0 0.6 41.4 40 43 42 9.3 9.3 4.5 4.5 1 1
0 0.6 44.4 43 46 39 9.4 9.4 7.85 7.85 1 1
0 0.6 47.9 46 50 22 10.9 10.9 5.2 5.2 1 1
0 0.6 52.4 50 55 12 13.6 13.6 4.5 4.5 1 1
0 0.6 57.4 55 60 8.5 15.5 15.5 4.7 4.7 1 1
0 0.6 64.6 60 70 4.9 14.8 14.8 6.05 6.05 1 1
0 0.6 82 70 100 1 19.1 19.1 7.25 7.25 1 1
