0.3 0.6 10.5 10 11 1060 3.12 3.12 65.3 65.3 1 1
0.3 0.6 11.5 11 12 634 1.91 1.91 30.6 30.6 1 1
0.3 0.6 12.5 12 13 397 1.3 1.3 17.1 17.1 1 1
0.3 0.6 13.5 13 14 256 0.945 0.945 10.4 10.4 1 1
0.3 0.6 14.5 14 15 171 0.743 0.743 6.82 6.82 1 1
0.3 0.6 15.5 15 16 118 0.563 0.563 4.6 4.6 1 1
0.3 0.6 16.5 16 17 81.9 0.458 0.458 3.15 3.15 1 1
0.3 0.6 17.5 17 18 58.9 0.366 0.366 2.25 2.25 1 1
0.3 0.6 18.5 18 19 43 0.296 0.296 1.63 1.63 1 1
0.3 0.6 19.5 19 20 32.2 0.257 0.257 1.22 1.22 1 1
0.3 0.6 20.5 20 21 24.6 0.22 0.22 0.922 0.922 1 1
0.3 0.6 21.5 21 22 18.1 0.185 0.185 0.679 0.679 1 1
0.3 0.6 22.5 22 23 14 0.16 0.16 0.525 0.525 1 1
0.3 0.6 23.5 23 24 11 0.139 0.139 0.411 0.411 1 1
0.3 0.6 24.5 24 25 8.75 0.123 0.123 0.327 0.327 1 1
0.3 0.6 25.5 25 26 6.81 0.107 0.107 0.253 0.253 1 1
0.3 0.6 26.5 26 27 5.45 0.095 0.095 0.202 0.202 1 1
0.3 0.6 27.5 27 28 4.54 0.086 0.086 0.168 0.168 1 1
0.3 0.6 28.5 28 29 3.7 0.0772 0.0772 0.137 0.137 1 1
0.3 0.6 29.5 29 30 2.99 0.069 0.069 0.111 0.111 1 1
0.3 0.6 31 30 32 2.35 0.0425 0.0425 0.0871 0.0871 1 1
0.3 0.6 33 32 34 1.61 0.0351 0.0351 0.0599 0.0599 1 1
0.3 0.6 35 34 36 1.19 0.0294 0.0294 0.0442 0.0442 1 1
0.3 0.6 37 36 38 0.88 0.0254 0.0254 0.0522 0.0522 1 1
0.3 0.6 40 38 42 0.551 0.0143 0.0143 0.0328 0.0328 1 1
0.3 0.6 44 42 46 0.299 0.0105 0.0105 0.0177 0.0177 1 1
0.3 0.6 48 46 50 0.187 0.00837 0.00837 0.0111 0.0111 1 1
0.3 0.6 55 50 60 0.0948 0.00386 0.00386 0.00996 0.00996 1 1
0.3 0.6 67.5 60 75 0.0297 0.00181 0.00181 0.0032 0.0032 1 1
0.3 0.6 85 75 95 0.00703 0.000859 0.000859 0.000767 0.000767 1 1
