0 0.3 20.5 20 21 46.8 0.7956 0.7956 2.4804 2.4804 1 1
0 0.3 21.5 21 22 35.2 0.4576 0.4576 1.9008 1.9008 1 1
0 0.3 22.5 22 23 27.2 0.3808 0.3808 1.4144 1.4144 1 1
0 0.3 23.5 23 24 21.4 0.321 0.321 1.07 1.07 1 1
0 0.3 24.5 24 25 18 0.288 0.288 0.9 0.9 1 1
0 0.3 25.5 25 26 14.6 0.2628 0.2628 0.73 0.73 1 1
0 0.3 26.5 26 27 12.1 0.2299 0.2299 0.6171 0.6171 1 1
0 0.3 27.5 27 28 10 0.21 0.21 0.5 0.5 1 1
0 0.3 28.5 28 29 8.14 0.18722 0.18722 0.41514 0.41514 1 1
0 0.3 29.5 29 30 6.68 0.167 0.167 0.34736 0.34736 1 1
0 0.3 31 30 32 5.47 0.10393 0.10393 0.28444 0.28444 1 1
0 0.3 33 32 34 3.84 0.08832 0.08832 0.20736 0.20736 1 1
0 0.3 35 34 36 2.78 0.07506 0.07506 0.15846 0.15846 1 1
0 0.3 37 36 38 2.12 0.06572 0.06572 0.13144 0.13144 1 1
0 0.3 39.8 38 42 1.45 0.0377 0.0377 0.0928 0.0928 1 1
0 0.3 43.8 42 46 0.833 0.027489 0.027489 0.057477 0.057477 1 1
0 0.3 47.8 46 50 0.534 0.022428 0.022428 0.03738 0.03738 1 1
0 0.3 54.2 50 60 0.279 0.010323 0.010323 0.021762 0.021762 1 1
0 0.3 66 60 75 0.0896 0.0048384 0.0048384 0.007168 0.007168 1 1
0 0.3 82.7 75 95 0.0254 0.002286 0.002286 0.0019558 0.0019558 1 1
0 0.3 104.7 95 120 0.00837 0.0012555 0.0012555 0.00069471 0.00069471 1 1
