0.6 1.2 11 10 12 18371 1.2 1.2 8 8 1 1
0.6 1.2 13 12 14 10973 1.1 1.1 5.05 5.05 1 1
0.6 1.2 15 14 16 6685 1.5 1.5 4.7 4.7 1 1
0.6 1.2 17 16 18 4105 1.7 1.7 5 5 1 1
0.6 1.2 19 18 20 2624 2.1 2.1 4.7 4.7 1 1
0.6 1.2 21 20 22 1746 2.4 2.4 4.75 4.75 1 1
0.6 1.2 23 22 24 1188 2.4 2.4 3.85 3.85 1 1
0.6 1.2 25 24 26 865 2.8 2.8 4.05 4.05 1 1
0.6 1.2 27 26 28 551 3.4 3.4 4.5 4.5 1 1
0.6 1.2 29 28 30 397 3.9 3.9 3.95 3.95 1 1
0.6 1.2 31 30 32 229 6.5 6.5 9 9 1 1
0.6 1.2 33 32 34 175 6 6 9.8 9.8 1 1
0.6 1.2 35 34 36 151 6.1 6.1 4.05 4.05 1 1
0.6 1.2 37 36 38 113 7 7 3.95 3.95 1 1
0.6 1.2 39 38 40 87 8.1 8.1 4.05 4.05 1 1
0.6 1.2 41.4 40 43 55 8.4 8.4 4.35 4.35 1 1
0.6 1.2 44.4 43 46 37 10.3 10.3 9.9 9.9 1 1
0.6 1.2 47.9 46 50 23 11 11 3.95 3.95 1 1
0.6 1.2 52.4 50 55 14 13.2 13.2 4.5 4.5 1 1
0.6 1.2 57.4 55 60 9.2 15.5 15.5 4.6 4.6 1 1
0.6 1.2 64.6 60 70 3.6 19.7 19.7 5.1 5.1 1 1
0.6 1.2 82 70 100 1 24 24 6.95 6.95 1 1
