0 0.6 20.9 20 22 1.64 0.05412 0.05412 0.11972 0.11972 1 1
0 0.6 22.9 22 24 1.08 0.03132 0.03132 0.0648 0.0648 1 1
0 0.6 25 24 26 0.794 0.026996 0.026996 0.049228 0.049228 1 1
0 0.6 26.9 26 28 0.572 0.022308 0.022308 0.035464 0.035464 1 1
0 0.6 29 28 30 0.411 0.018495 0.018495 0.023838 0.023838 1 1
0 0.6 31 30 32 0.293 0.01758 0.01758 0.018752 0.018752 1 1
0 0.6 33 32 34 0.254 0.017526 0.017526 0.015494 0.015494 1 1
0 0.6 35 34 36 0.182 0.01274 0.01274 0.010738 0.010738 1 1
0 0.6 37 36 38 0.141 0.011139 0.011139 0.008178 0.008178 1 1
0 0.6 39 38 40 0.116 0.010092 0.010092 0.00696 0.00696 1 1
0 0.6 41.4 40 43 0.0736 0.0069184 0.0069184 0.0047104 0.0047104 1 1
0 0.6 44.4 43 46 0.0446 0.004906 0.004906 0.0028098 0.0028098 1 1
0 0.6 47.9 46 50 0.0364 0.004004 0.004004 0.0024752 0.0024752 1 1
0 0.6 52.3 50 55 0.0222 0.002664 0.002664 0.0015318 0.0015318 1 1
0 0.6 57.3 55 60 0.0148 0.002072 0.002072 0.0011988 0.0011988 1 1
0 0.6 64.3 60 70 0.00634 0.0010144 0.0010144 0.000634 0.000634 1 1
0 0.6 80.5 70 100 0.00188 0.0003196 0.0003196 0.0002444 0.0002444 1 1
