0 0.6 20.9 20 22 5.76 0.09792 0.09792 0.40896 0.40896 1 1
0 0.6 22.9 22 24 3.6 0.0576 0.0576 0.216 0.216 1 1
0 0.6 25 24 26 2.5 0.0475 0.0475 0.1325 0.1325 1 1
0 0.6 26.9 26 28 1.72 0.03784 0.03784 0.08256 0.08256 1 1
0 0.6 29 28 30 1.19 0.03094 0.03094 0.05831 0.05831 1 1
0 0.6 31 30 32 0.85 0.02975 0.02975 0.04165 0.04165 1 1
0 0.6 33 32 34 0.643 0.02572 0.02572 0.031507 0.031507 1 1
0 0.6 35 34 36 0.488 0.020496 0.020496 0.022936 0.022936 1 1
0 0.6 37 36 38 0.352 0.018304 0.018304 0.016896 0.016896 1 1
0 0.6 39 38 40 0.237 0.014457 0.014457 0.01185 0.01185 1 1
0 0.6 41.4 40 43 0.217 0.011718 0.011718 0.011718 0.011718 1 1
0 0.6 44.4 43 46 0.139 0.00834 0.00834 0.007645 0.007645 1 1
0 0.6 47.9 46 50 0.0787 0.005509 0.005509 0.0040924 0.0040924 1 1
0 0.6 52.3 50 55 0.0536 0.0039664 0.0039664 0.00268 0.00268 1 1
0 0.6 57.3 55 60 0.0372 0.0032736 0.0032736 0.0020088 0.0020088 1 1
0 0.6 64.3 60 70 0.0151 0.00151 0.00151 0.0007852 0.0007852 1 1
0 0.6 80.5 70 100 0.00383 0.0004596 0.0004596 0.00020682 0.00020682 1 1
