0 0.6 11 10 12 20036 1 1 9 9 1 1
0 0.6 13 12 14 12072 1.1 1.1 6.35 6.35 1 1
0 0.6 15 14 16 7621 1.2 1.2 5.45 5.45 1 1
0 0.6 17 16 18 4858 1.3 1.3 5.3 5.3 1 1
0 0.6 19 18 20 3034 1.5 1.5 5.05 5.05 1 1
0 0.6 21 20 22 1932 1.8 1.8 4.75 4.75 1 1
0 0.6 23 22 24 1203 2.3 2.3 4.55 4.55 1 1
0 0.6 25 24 26 849 2.6 2.6 4.65 4.65 1 1
0 0.6 27 26 28 537 3.6 3.6 5.75 5.75 1 1
0 0.6 29 28 30 413 4 4 5.8 5.8 1 1
0 0.6 31 30 32 288 4.4 4.4 5.05 5.05 1 1
0 0.6 33 32 34 194 6 6 6.75 6.75 1 1
0 0.6 35 34 36 158 5.8 5.8 5.95 5.95 1 1
0 0.6 37 36 38 123 6.5 6.5 4.65 4.65 1 1
0 0.6 39 38 40 86 7.8 7.8 4.5 4.5 1 1
0 0.6 41.4 40 43 61 7.6 7.6 4.35 4.35 1 1
0 0.6 44.4 43 46 36 10 10 9.5 9.5 1 1
0 0.6 47.9 46 50 27 9.6 9.6 4.85 4.85 1 1
0 0.6 52.4 50 55 17 10.9 10.9 4.85 4.85 1 1
0 0.6 57.4 55 60 9.8 14.8 14.8 5.05 5.05 1 1
0 0.6 64.6 60 70 4.7 15.7 15.7 7.3 7.3 1 1
0 0.6 82 70 100 1.2 17.6 17.6 8.9 8.9 1 1
