0.9 1.2 10.5 10 11 33.5 0.493 0.493 1.52 1.52 1 1
0.9 1.2 11.5 11 12 21.3 0.344 0.344 0.827 0.827 1 1
0.9 1.2 12.5 12 13 14 0.251 0.251 0.535 0.535 1 1
0.9 1.2 13.5 13 14 8.88 0.19 0.19 0.324 0.324 1 1
0.9 1.2 14.5 14 15 6.31 0.154 0.154 0.229 0.229 1 1
0.9 1.2 15.5 15 16 4.13 0.119 0.119 0.16 0.16 1 1
0.9 1.2 16.5 16 17 3.1 0.0986 0.0986 0.115 0.115 1 1
0.9 1.2 17.5 17 18 2.16 0.081 0.081 0.0835 0.0835 1 1
0.9 1.2 18.5 18 19 1.7 0.0701 0.0701 0.0627 0.0627 1 1
0.9 1.2 19.5 19 20 1.23 0.059 0.059 0.0475 0.0475 1 1
0.9 1.2 21.25 20 22.5 0.744 0.0291 0.0291 0.0323 0.0323 1 1
0.9 1.2 23.75 22.5 25 0.408 0.0205 0.0205 0.018 0.018 1 1
0.9 1.2 26.25 25 27.5 0.231 0.0156 0.0156 0.0119 0.0119 1 1
0.9 1.2 28.75 27.5 30 0.144 0.0122 0.0122 0.00727 0.00727 1 1
0.9 1.2 32.5 30 35 0.0778 0.0062 0.0062 0.00418 0.00418 1 1
0.9 1.2 37.5 35 40 0.035 0.00428 0.00428 0.00254 0.00254 1 1
0.9 1.2 47.5 40 55 0.0108 0.00146 0.00146 0.000837 0.000837 1 1
0.9 1.2 65 55 75 0.00329 0.000843 0.000843 0.000393 0.000393 1 1
