0.6 0.9 20.5 20 21 44.7 0.5364 0.5364 2.0115 2.0115 1 1
0.6 0.9 21.5 21 22 35.2 0.4224 0.4224 1.6192 1.6192 1 1
0.6 0.9 22.5 22 23 27.5 0.3575 0.3575 1.21 1.21 1 1
0.6 0.9 23.5 23 24 21.8 0.3052 0.3052 0.9374 0.9374 1 1
0.6 0.9 24.5 24 25 17.6 0.264 0.264 0.7568 0.7568 1 1
0.6 0.9 25.5 25 26 13.8 0.2346 0.2346 0.5934 0.5934 1 1
0.6 0.9 26.5 26 27 11.3 0.2147 0.2147 0.4859 0.4859 1 1
0.6 0.9 27.5 27 28 9.76 0.1952 0.1952 0.41968 0.41968 1 1
0.6 0.9 28.5 28 29 7.88 0.17336 0.17336 0.33884 0.33884 1 1
0.6 0.9 29.5 29 30 6.78 0.16272 0.16272 0.29832 0.29832 1 1
0.6 0.9 31 30 32 5.03 0.09557 0.09557 0.21629 0.21629 1 1
0.6 0.9 33 32 34 3.72 0.08184 0.08184 0.16368 0.16368 1 1
0.6 0.9 35 34 36 2.76 0.069 0.069 0.13524 0.13524 1 1
0.6 0.9 37 36 38 2.02 0.0606 0.0606 0.10706 0.10706 1 1
0.6 0.9 39.8 38 42 1.39 0.03475 0.03475 0.07784 0.07784 1 1
0.6 0.9 43.8 42 46 0.774 0.025542 0.025542 0.045666 0.045666 1 1
0.6 0.9 47.8 46 50 0.496 0.020832 0.020832 0.030256 0.030256 1 1
0.6 0.9 54.2 50 60 0.249 0.009213 0.009213 0.017679 0.017679 1 1
0.6 0.9 66 60 75 0.0823 0.0046088 0.0046088 0.0056787 0.0056787 1 1
0.6 0.9 82.7 75 95 0.0237 0.0020619 0.0020619 0.0015168 0.0015168 1 1
0.6 0.9 104.7 95 120 0.00716 0.001074 0.001074 0.00052268 0.00052268 1 1
