0.6 1.2 20.9 20 22 1.55 0.05425 0.05425 0.11005 0.11005 1 1
0.6 1.2 22.9 22 24 1.21 0.0484 0.0484 0.07865 0.07865 1 1
0.6 1.2 25 24 26 0.781 0.032021 0.032021 0.049984 0.049984 1 1
0.6 1.2 26.9 26 28 0.584 0.028032 0.028032 0.038544 0.038544 1 1
0.6 1.2 29 28 30 0.379 0.02274 0.02274 0.02653 0.02653 1 1
0.6 1.2 31 30 32 0.31 0.02046 0.02046 0.02263 0.02263 1 1
0.6 1.2 33 32 34 0.213 0.016827 0.016827 0.014697 0.014697 1 1
0.6 1.2 35 34 36 0.184 0.017848 0.017848 0.014904 0.014904 1 1
0.6 1.2 37 36 38 0.127 0.0127 0.0127 0.010414 0.010414 1 1
0.6 1.2 39 38 40 0.123 0.01353 0.01353 0.00984 0.00984 1 1
0.6 1.2 41.4 40 43 0.0723 0.00723 0.00723 0.0046995 0.0046995 1 1
0.6 1.2 44.4 43 46 0.0481 0.006253 0.006253 0.002886 0.002886 1 1
0.6 1.2 47.9 46 50 0.0284 0.003692 0.003692 0.0018176 0.0018176 1 1
0.6 1.2 52.3 50 55 0.0228 0.002964 0.002964 0.0016416 0.0016416 1 1
0.6 1.2 57.3 55 60 0.0135 0.00243 0.00243 0.001188 0.001188 1 1
0.6 1.2 64.3 60 70 0.0085 0.001445 0.001445 0.000935 0.000935 1 1
0.6 1.2 80.5 70 100 0.0021 0.000399 0.000399 0.000273 0.000273 1 1
