0.9 1.2 20.5 20 21 45.1 0.5863 0.5863 2.0746 2.0746 1 1
0.9 1.2 21.5 21 22 34.2 0.4446 0.4446 1.6416 1.6416 1 1
0.9 1.2 22.5 22 23 26.9 0.3497 0.3497 1.2374 1.2374 1 1
0.9 1.2 23.5 23 24 21.2 0.318 0.318 0.9328 0.9328 1 1
0.9 1.2 24.5 24 25 16.6 0.2656 0.2656 0.747 0.747 1 1
0.9 1.2 25.5 25 26 13.9 0.2502 0.2502 0.6255 0.6255 1 1
0.9 1.2 26.5 26 27 11.1 0.2109 0.2109 0.4995 0.4995 1 1
0.9 1.2 27.5 27 28 9.17 0.19257 0.19257 0.41265 0.41265 1 1
0.9 1.2 28.5 28 29 7.67 0.17641 0.17641 0.34515 0.34515 1 1
0.9 1.2 29.5 29 30 6.39 0.15975 0.15975 0.29394 0.29394 1 1
0.9 1.2 31 30 32 4.91 0.0982 0.0982 0.22586 0.22586 1 1
0.9 1.2 33 32 34 3.5 0.0805 0.0805 0.168 0.168 1 1
0.9 1.2 35 34 36 2.62 0.07074 0.07074 0.13362 0.13362 1 1
0.9 1.2 37 36 38 1.85 0.05735 0.05735 0.1036 0.1036 1 1
0.9 1.2 39.8 38 42 1.33 0.03458 0.03458 0.07847 0.07847 1 1
0.9 1.2 43.8 42 46 0.747 0.025398 0.025398 0.048555 0.048555 1 1
0.9 1.2 47.8 46 50 0.454 0.02043 0.02043 0.030418 0.030418 1 1
0.9 1.2 54.2 50 60 0.214 0.008774 0.008774 0.016478 0.016478 1 1
0.9 1.2 66 60 75 0.0664 0.0041168 0.0041168 0.0054448 0.0054448 1 1
0.9 1.2 82.7 75 95 0.0203 0.0019488 0.0019488 0.0015428 0.0015428 1 1
0.9 1.2 104.7 95 120 0.00561 0.0010659 0.0010659 0.00051051 0.00051051 1 1
