2.5 3 2.5 2 3 1055 8 8 61 61 47 47
2.5 3 3.5 3 4 653 5 5 39 39 28 28
2.5 3 4.5 4 5 359.1 3.1 3.1 22.3 22.3 14.1 14.1
2.5 3 5.5 5 6 185.9 2 2 12.2 12.2 6.2 6.2
2.5 3 6.5 6 7 94.1 1.3 1.3 6.4 6.4 2.9 2.9
2.5 3 7.5 7 8 50.6 0.9 0.9 3.7 3.7 1.7 1.7
2.5 3 8.5 8 9 28.1 0.7 0.7 1.8 1.8 0.9 0.9
2.5 3 9.5 9 10 15.8 0.5 0.5 1 1 0.5 0.5
2.5 3 10.5 10 11 8.7 0.4 0.4 0.6 0.6 0.3 0.3
2.5 3 11.5 11 12 5.04 0.26 0.26 0.32 0.32 0.18 0.18
2.5 3 12.5 12 13 3.42 0.23 0.23 0.22 0.22 0.14 0.14
2.5 3 13.5 13 14 2.68 0.2 0.2 0.17 0.17 0.11 0.11
