2.5 3 0.5 0 1 59.1098 0.606857 0.606857 1.88065 1.88065 1 1
2.5 3 1.5 1 2 149.787 0.968465 0.968465 4.81698 4.81698 1 1
2.5 3 2.5 2 3 194.019 1.10387 1.10387 6.18903 6.18903 1 1
2.5 3 3.5 3 4 192.057 1.10425 1.10425 6.11937 6.11937 1 1
2.5 3 4.5 4 5 167.414 1.03689 1.03689 5.30666 5.30666 1 1
2.5 3 5.5 5 6 136.117 0.941095 0.941095 4.34613 4.34613 1 1
2.5 3 6.5 6 7 107.235 0.832996 0.832996 3.47638 3.47638 1 1
2.5 3 7.5 7 8 81.7368 0.720656 0.720656 2.71759 2.71759 1 1
2.5 3 8.5 8 9 61.6187 0.618193 0.618193 2.04052 2.04052 1 1
2.5 3 9.5 9 10 44.1076 0.514928 0.514928 1.41594 1.41594 1 1
2.5 3 10.5 10 11 32.7063 0.435367 0.435367 1.03964 1.03964 1 1
2.5 3 11.5 11 12 24.6302 0.374498 0.374498 0.842729 0.842729 1 1
2.5 3 12.5 12 13 17.8355 0.314011 0.314011 0.572964 0.572964 1 1
2.5 3 13.5 13 14 13.208 0.268542 0.268542 0.445818 0.445818 1 1
2.5 3 14.5 14 15 9.81639 0.228721 0.228721 0.321457 0.321457 1 1
2.5 3 15.5 15 16 6.92952 0.190598 0.190598 0.230995 0.230995 1 1
2.5 3 16.5 16 17 5.94146 0.174256 0.174256 0.194972 0.194972 1 1
2.5 3 17.5 17 18 3.8552 0.140376 0.140376 0.122801 0.122801 1 1
2.5 3 18.5 18 19 3.08932 0.123488 0.123488 0.0981632 0.0981632 1 1
2.5 3 19.5 19 20 2.12742 0.102659 0.102659 0.0676959 0.0676959 1 1
2.5 3 21 20 22 1.57268 0.0620991 0.0620991 0.0503232 0.0503232 1 1
2.5 3 23 22 24 0.980925 0.0492233 0.0492233 0.0334479 0.0334479 1 1
2.5 3 25 24 26 0.52946 0.0369805 0.0369805 0.0225087 0.0225087 1 1
2.5 3 27 26 28 0.379824 0.0313527 0.0313527 0.0141054 0.0141054 1 1
2.5 3 29 28 30 0.25502 0.0272316 0.0272316 0.00916242 0.00916242 1 1
