3 3.5 0.5 0 1 7.41 0.78 0.78 0.52 0.52 1 1
3 3.5 1.5 1 2 16.34 1.13 1.13 1.16 1.16 1 1
3 3.5 2.5 2 3 25.14 1.32 1.32 1.74 1.74 1 1
3 3.5 3.5 3 4 27.69 1.31 1.31 1.86 1.86 1 1
3 3.5 4.5 4 5 24.71 1.19 1.19 1.65 1.65 1 1
3 3.5 5.5 5 6 26.25 1.16 1.16 1.77 1.77 1 1
3 3.5 6.5 6 7 22.66 1.06 1.06 1.51 1.51 1 1
3 3.5 7.5 7 8 20.17 0.9 0.9 1.32 1.32 1 1
3 3.5 8.5 8 9 16.74 0.78 0.78 1.11 1.11 1 1
3 3.5 9.5 9 10 13.48 0.67 0.67 0.92 0.92 1 1
3 3.5 10.5 10 11 9.99 0.57 0.57 0.69 0.69 1 1
3 3.5 11.5 11 12 9 0.52 0.52 0.62 0.62 1 1
3 3.5 12.5 12 13 7.29 0.44 0.44 0.51 0.51 1 1
3 3.5 13.5 13 14 5.63 0.38 0.38 0.4 0.4 1 1
3 3.5 14.5 14 15 3.68 0.31 0.31 0.26 0.26 1 1
3 3.5 15.5 15 16 3.56 0.3 0.3 0.26 0.26 1 1
3 3.5 16.5 16 17 2.87 0.27 0.27 0.21 0.21 1 1
3 3.5 17.5 17 18 2.03 0.23 0.23 0.15 0.15 1 1
3 3.5 18.5 18 19 1.67 0.21 0.21 0.13 0.13 1 1
3 3.5 19.5 19 20 1.34 0.19 0.19 0.11 0.11 1 1
3 3.5 21 20 22 1.17 0.11 0.11 0.09 0.09 1 1
3 3.5 23 22 24 0.83 0.1 0.1 0.07 0.07 1 1
3 3.5 25 24 26 0.51 0.07 0.07 0.04 0.04 1 1
3 3.5 28 26 30 0.23 0.04 0.04 0.02 0.02 1 1
