2 2.5 0.5 0 1 7.37 0.91 0.91 0.51 0.51 1 1
2 2.5 1.5 1 2 22.47 1.58 1.58 1.54 1.54 1 1
2 2.5 2.5 2 3 27.76 1.75 1.75 1.9 1.9 1 1
2 2.5 3.5 3 4 29.69 1.81 1.81 2.04 2.04 1 1
2 2.5 4.5 4 5 32.8 1.85 1.85 2.2 2.2 1 1
2 2.5 5.5 5 6 32.21 1.81 1.81 2.21 2.21 1 1
2 2.5 6.5 6 7 27.96 1.74 1.74 1.82 1.82 1 1
2 2.5 7.5 7 8 25.34 1.62 1.62 1.71 1.71 1 1
2 2.5 8.5 8 9 21.21 1.45 1.45 1.42 1.42 1 1
2 2.5 9.5 9 10 18.24 1.27 1.27 1.22 1.22 1 1
2 2.5 10.5 10 11 14.77 1.17 1.17 1.04 1.04 1 1
2 2.5 11.5 11 12 11.48 0.99 0.99 0.82 0.82 1 1
2 2.5 12.5 12 13 8.45 0.84 0.84 0.61 0.61 1 1
2 2.5 13.5 13 14 5.67 0.69 0.69 0.41 0.41 1 1
2 2.5 14.5 14 15 5.7 0.64 0.64 0.42 0.42 1 1
2 2.5 15.5 15 16 5.11 0.57 0.57 0.38 0.38 1 1
2 2.5 16.5 16 17 5.17 0.53 0.53 0.39 0.39 1 1
2 2.5 17.5 17 18 3.22 0.44 0.44 0.25 0.25 1 1
2 2.5 18.5 18 19 3.09 0.38 0.38 0.25 0.25 1 1
2 2.5 19.5 19 20 2.34 0.33 0.33 0.19 0.19 1 1
2 2.5 21 20 22 1.29 0.17 0.17 0.1 0.1 1 1
2 2.5 23 22 24 0.89 0.14 0.14 0.07 0.07 1 1
2 2.5 25 24 26 0.77 0.11 0.11 0.06 0.06 1 1
2 2.5 28 26 30 0.44 0.06 0.06 0.04 0.04 1 1
