2.5 3 0.5 0 1 5.21714 0.224965 0.224965 0.169336 0.169336 1 1
2.5 3 1.5 1 2 13.1599 0.362332 0.362332 0.446146 0.446146 1 1
2.5 3 2.5 2 3 18.509 0.424231 0.424231 0.604894 0.604894 1 1
2.5 3 3.5 3 4 18.91 0.432642 0.432642 0.60982 0.60982 1 1
2.5 3 4.5 4 5 18.8434 0.42657 0.42657 0.60323 0.60323 1 1
2.5 3 5.5 5 6 16.5022 0.40129 0.40129 0.530713 0.530713 1 1
2.5 3 6.5 6 7 14.2656 0.362684 0.362684 0.483126 0.483126 1 1
2.5 3 7.5 7 8 11.8652 0.326809 0.326809 0.438954 0.438954 1 1
2.5 3 8.5 8 9 9.5337 0.287199 0.287199 0.335881 0.335881 1 1
2.5 3 9.5 9 10 7.91206 0.251354 0.251354 0.260623 0.260623 1 1
2.5 3 10.5 10 11 6.29795 0.218307 0.218307 0.206097 0.206097 1 1
2.5 3 11.5 11 12 5.15766 0.191881 0.191881 0.208028 0.208028 1 1
2.5 3 12.5 12 13 4.11692 0.169303 0.169303 0.13509 0.13509 1 1
2.5 3 13.5 13 14 3.37628 0.148526 0.148526 0.122726 0.122726 1 1
2.5 3 14.5 14 15 2.55173 0.128084 0.128084 0.0878234 0.0878234 1 1
2.5 3 15.5 15 16 1.90316 0.110003 0.110003 0.06579 0.06579 1 1
2.5 3 16.5 16 17 1.54425 0.0969264 0.0969264 0.0545129 0.0545129 1 1
2.5 3 17.5 17 18 1.22853 0.0862337 0.0862337 0.0411048 0.0411048 1 1
2.5 3 18.5 18 19 1.05159 0.0768904 0.0768904 0.0337117 0.0337117 1 1
2.5 3 19.5 19 20 0.639972 0.062359 0.062359 0.0252974 0.0252974 1 1
2.5 3 21 20 22 0.526547 0.0395336 0.0395336 0.0177009 0.0177009 1 1
2.5 3 23 22 24 0.298505 0.0301655 0.0301655 0.0105812 0.0105812 1 1
2.5 3 25 24 26 0.25067 0.0272552 0.0272552 0.0105494 0.0105494 1 1
2.5 3 27 26 28 0.137353 0.0201346 0.0201346 0.00496247 0.00496247 1 1
2.5 3 29 28 30 0.0860167 0.017521 0.017521 0.00380568 0.00380568 1 1
