#: LHCb: Double-differential production cross-sections (in nb/(GeV/c)) of prompt psi(2S) mesons at 7 TeV in bins of (pT, y). 
#: The first uncertainties are statistical, the second are the uncorrelated systematic uncertainties between bins, 
#: and the last are the correlated systematic uncertainties between bins.			
#: $\sqrt{s}$ [GeV]			7000

#: $y$			2.0-2.5
3.5  4  94.34 2.49 5.59 8.65 	    
4  5 73.08 1.21 4.35 4.40     
5  6 44.86 0.71 2.47 2.24     
6  7 25.99 0.45 1.64 2.58     
7  8 16.58 0.30 1.26 1.04     
8  9 7.03 0.14 1.16 0.35     
9  10  6.10 0.14 0.63 0.28     
10  11  3.89 0.11 0.36 0.23     
11  12  2.56 0.08 0.29 0.13     
12  13  2.42 0.10 0.90 0.11     
13  14  0.85 0.04 0.16 0.04     

#: $y$			2.5-3.0 
3.5  4 	109.85 1.38 2.50 5.04 	 
4  5 	75.42 0.66 1.32 3.53 	 
5  6 	43.26 0.38 1.04 4.14 	 
6  7 	24.94 0.25 0.63 1.20 	 
7  8 	15.21 0.17 0.41 0.66 	 
8  9 	9.02 0.12 0.39 0.41 	 
9  10 	5.26 0.09 0.26 0.23 	 
10  11 	3.03 0.06 0.17 0.14 	 
11  12 	2.30 0.06 0.35 0.10 	  
12  13 	1.12 0.04 0.09 0.05 	 
13  14 	0.88 0.03 0.12 0.11 	 
 
#: $y$			3.0-3.5
3.5  4 	97.07 0.99 1.90 4.33 	
4  5 	65.66 0.47 0.85 2.64 	
5  6 	37.21 0.30 0.58 1.54 	
6  7 	22.42 0.21 0.58 0.86 	
7  8 	12.82 0.14 0.40 0.50 	
8  9 	7.16 0.10 0.31 0.33 	
9  10 	4.63 0.08 0.20 0.18 	
10  11 	2.50 0.05 0.17 0.11 	
11  12 	1.50 0.04 0.16 0.13 	
12  13 	0.84 0.03 0.12 0.04 	
13  14 	0.60 0.03 0.09 0.04 	

#: $y$			3.5-4.0
3.5  4 	77.87 0.78 1.51 3.11 	
4  5 	53.33 0.40 0.88 2.23 	
5  6 	31.96 0.27 0.86 1.31 	
6  7 	17.86 0.19 0.61 0.69 	
7  8 	9.98 0.13 0.33 0.44 	
8  9 	5.05 0.09 0.28 0.23 	
9  10 	3.16 0.07 0.20 0.13 	
10  11 	1.93 0.06 0.18 0.07 	
11  12 	1.46 0.05 0.25 0.10 	
12  13 	0.58 0.03 0.08 0.05 	
13  14 	0.33 0.02 0.06 0.02 	

#: $y$			4.0-4.5
3.5  4 	57.90 0.80 1.57 2.09 
4  5 	36.34 0.40 0.80 1.30 
5  6 	18.98 0.26 0.93 0.65 
6  7 	10.33 0.17 0.39 0.50 
7  8 	5.61 0.12 0.30 0.26  
8  9 	2.92 0.08 0.18 0.15  
9  10 	1.89 0.07 0.20 0.12  
10  11 	1.04 0.05 0.15 0.06  
11  12 	0.38 0.02 0.08 0.02  
12  13 	0.35 0.03 0.10 0.04  
13  14 	0.07 0.01 0.02 0.01  
