3.5 4 0.5 0 1 70.76 1.55 1.55 6.1 6.1 1 1
3.5 4 1.5 1 2 177.87 2.47 2.47 16.12 16.12 1 1
3.5 4 2.5 2 3 240.07 2.88 2.88 20.28 20.28 1 1
3.5 4 3.5 3 4 240.17 2.84 2.84 18.96 18.96 1 1
3.5 4 4.5 4 5 215.22 2.71 2.71 17.63 17.63 1 1
3.5 4 5.5 5 6 176.79 2.43 2.43 13.91 13.91 1 1
3.5 4 6.5 6 7 138.96 2.16 2.16 11.22 11.22 1 1
3.5 4 7.5 7 8 107.01 1.87 1.87 8.15 8.15 1 1
3.5 4 8.5 8 9 79.26 1.57 1.57 6.62 6.62 1 1
3.5 4 9.5 9 10 59.62 1.33 1.33 5.06 5.06 1 1
3.5 4 10.5 10 11 44.99 1.13 1.13 3.88 3.88 1 1
3.5 4 11.5 11 12 34.43 0.97 0.97 2.98 2.98 1 1
3.5 4 12.5 12 13 24.76 0.82 0.82 2.24 2.24 1 1
3.5 4 13.5 13 14 18.2 0.7 0.7 1.67 1.67 1 1
3.5 4 14.5 14 15 14.18 0.6 0.6 1.3 1.3 1 1
3.5 4 15.5 15 16 10.07 0.51 0.51 1.01 1.01 1 1
3.5 4 16.5 16 17 7.76 0.46 0.46 0.81 0.81 1 1
3.5 4 17.5 17 18 5.83 0.39 0.39 0.62 0.62 1 1
3.5 4 18.5 18 19 4.88 0.37 0.37 0.54 0.54 1 1
3.5 4 19.5 19 20 3.9 0.31 0.31 0.43 0.43 1 1
3.5 4 22.5 20 25 1.48 0.09 0.09 0.17 0.17 1 1
3.5 4 27.5 25 30 0.48 0.05 0.05 0.06 0.06 1 1
