#: LHCb: Double-differential production cross-sections (in nb/(GeV/c)) of prompt (2S) mesons at 13 TeV in bins of (pT, y). 
#: The first uncertainties are statistical, the second are the uncorrelated systematic uncertainties between bins, 
#: and the last are the correlated systematic uncertainties between bins.			
#: $\sqrt{s}$ [GeV]			13000

#: $y$			2.0-2.5
2 3 	232.86   5.80   5.39   18.24 	    
3 4 	192.93   3.96   4.02   9.74 	    
4 5 	124.73   2.38   2.70   9.15 	    
5 6 	77.27   1.46   1.78   4.89 	    
6 7 	45.13   0.91   1.11   4.73 	    
7 8 	28.87   0.62   0.77   1.95 	    
8 9 	17.52   0.42   0.49   1.19 	    
9 10 	10.94   0.29   0.34   0.56 	    
10 11 	7.66   0.23   0.28   0.50 	    
11 12 	4.25   0.16   0.17   0.23 	    
12 13 	3.09   0.13   0.16   0.27 	    
13 14 	1.63   0.09   0.08   0.12
14 15 	1.42   0.08   0.08   0.07
15 16 	1.18   0.08   0.09   0.06
16 17	0.81   0.06   0.07   0.04
17 18  	0.54   0.05   0.06   0.03
18 20	0.29   0.02   0.02   0.01

#: $y$			2.5-3.0
2 3 	228.46   3.53   1.65   17.70    
3 4 	166.62   2.36   1.27   8.22     
4 5 	108.56   1.41   0.88   7.92     
5 6 	66.05   0.82   0.59   4.16 	    
6 7 	41.43   0.53   0.43   4.34 	    
7 8 	25.38   0.35   0.32   1.70 	    
8 9 	15.39   0.25   0.24   1.04 	    
9 10 	9.63   0.18   0.18   0.48 	    
10 11 	5.98   0.14   0.13   0.39 	    
11 12 	3.86   0.11   0.10   0.21 	    
12 13 	2.44   0.13   0.07   0.21 	    
13 14 	1.57   0.07   0.06   0.12 	    
14 15 	1.26   0.06   0.05   0.06
15 16 	0.86   0.05   0.04   0.04
16 17	0.59   0.04   0.03   0.03
17 18  	0.42   0.03   0.03   0.02
18 20	0.28   0.02   0.02   0.02

#: $y$			3.0-3.5
2 3 	 198.36   2.86   1.34   15.33 	
3 4 	 147.39   1.90   1.07   7.25 	
4 5 	 94.79   1.09   0.74   6.90 		
5 6 	 58.12   0.65   0.52   3.65 		
6 7 	 35.20   0.43   0.37   3.69 		
7 8 	 21.00   0.30   0.27   1.41 		
8 9 	 12.75   0.22   0.20   0.86 		
9 10 	 7.46   0.16   0.14   0.38 		
10 11 	 4.84   0.13   0.11   0.31 		
11 12 	 3.16   0.10   0.09   0.17 		
12 13 	 2.02   0.08   0.07   0.18 		
13 14 	 1.26   0.06   0.05   0.09 		
14 15 	 0.81   0.05   0.04   0.04
15 16 	 0.58   0.04   0.03   0.03
16 17	 0.39   0.03   0.03   0.02
17 20	 0.21   0.01   0.01   0.01

#: $y$			3.5-4.0
2 3 	167.07   2.19   1.30   12.93	
3 4 	120.42   1.49   0.96   6.00 	
4 5 	76.73   0.93   0.68   5.59 	
5 6 	47.25   0.44   0.48   2.98 	
6 7 	28.70   0.39   0.36   3.01 	
7 8 	15.97   0.27   0.25   1.07 	
8 9 	9.86   0.20   0.19   0.67 	
9 10 	5.90   0.15   0.15   0.30 	
10 11 	3.83   0.12   0.11   0.25 	
11 12 	2.37   0.09   0.08   0.13 	
12 13 	1.39   0.07   0.06   0.12 	
13 14 	0.91   0.05   0.04   0.07 	
14 15	0.59   0.04   0.04   0.03
15 17	0.41   0.03   0.02   0.02
17 20	0.15   0.01   0.01   0.01

#: $y$			4.0-4.5
2 3 	133.13   1.99   1.62   10.42
3 4 	85.03   1.42   1.09   4.37
4 5 	57.41   1.00   0.82   4.28
5 6 	34.35   0.66   0.58   2.29
6 7 	19.22   0.47   0.38   2.08
7 8 	12.23   0.32   0.31   0.91
8 9 	6.08   0.21   0.18   0.47
9 10 	3.81   0.16   0.14   0.26
10 11 	2.47   0.11   0.11   0.19
11 12 	1.67   0.10   0.09   0.13
12 13 	0.74   0.06   0.05   0.07
13 14 	0.58   0.06   0.04   0.05       
14 16	0.26   0.03   0.02   0.02
16 20	0.15   0.01   0.02   0.01
