2 2.5 0.5 0 1 94.75 2.44 2.44 6.27 6.27 1 1
2 2.5 1.5 1 2 233.67 3.83 3.83 15.52 15.52 1 1
2 2.5 2.5 2 3 313.67 4.4 4.4 20.72 20.72 1 1
2 2.5 3.5 3 4 330.78 4.51 4.51 22.11 22.11 1 1
2 2.5 4.5 4 5 308.47 4.36 4.36 20.08 20.08 1 1
2 2.5 5.5 5 6 261.01 4.05 4.05 17.44 17.44 1 1
2 2.5 6.5 6 7 219.98 3.74 3.74 13.9 13.9 1 1
2 2.5 7.5 7 8 175.08 3.34 3.34 11.48 11.48 1 1
2 2.5 8.5 8 9 134.33 2.86 2.86 8.69 8.69 1 1
2 2.5 9.5 9 10 101.78 2.46 2.46 6.58 6.58 1 1
2 2.5 10.5 10 11 81.97 2.14 2.14 5.57 5.57 1 1
2 2.5 11.5 11 12 60.06 1.78 1.78 4.12 4.12 1 1
2 2.5 12.5 12 13 46.88 1.54 1.54 3.25 3.25 1 1
2 2.5 13.5 13 14 34.64 1.3 1.3 2.44 2.44 1 1
2 2.5 14.5 14 15 26.2 1.1 1.1 1.85 1.85 1 1
2 2.5 15.5 15 16 20.81 0.97 0.97 1.49 1.49 1 1
2 2.5 16.5 16 17 17.64 0.87 0.87 1.27 1.27 1 1
2 2.5 17.5 17 18 12.29 0.65 0.65 0.89 0.89 1 1
2 2.5 18.5 18 19 8.5 0.53 0.53 0.63 0.63 1 1
2 2.5 19.5 19 20 7.57 0.5 0.5 0.58 0.58 1 1
2 2.5 21 20 22 5.04 0.29 0.29 0.37 0.37 1 1
2 2.5 23 22 24 3.52 0.24 0.24 0.27 0.27 1 1
2 2.5 25 24 26 2.06 0.17 0.17 0.16 0.16 1 1
2 2.5 28 26 30 1.4 0.1 0.1 0.11 0.11 1 1
