2.5 3 0.5 0 1 7.54 0.66 0.66 0.5 0.5 1 1
2.5 3 1.5 1 2 19.32 1.1 1.1 1.26 1.26 1 1
2.5 3 2.5 2 3 28.45 1.32 1.32 1.84 1.84 1 1
2.5 3 3.5 3 4 32.38 1.42 1.42 2.09 2.09 1 1
2.5 3 4.5 4 5 32.05 1.42 1.42 2.09 2.09 1 1
2.5 3 5.5 5 6 30.17 1.34 1.34 1.94 1.94 1 1
2.5 3 6.5 6 7 26.21 1.23 1.23 1.69 1.69 1 1
2.5 3 7.5 7 8 20.59 1.05 1.05 1.33 1.33 1 1
2.5 3 8.5 8 9 17.63 0.92 0.92 1.14 1.14 1 1
2.5 3 9.5 9 10 15.46 0.81 0.81 1.01 1.01 1 1
2.5 3 10.5 10 11 11.39 0.67 0.67 0.74 0.74 1 1
2.5 3 11.5 11 12 10.66 0.59 0.59 0.7 0.7 1 1
2.5 3 12.5 12 13 8.69 0.53 0.53 0.57 0.57 1 1
2.5 3 13.5 13 14 7.15 0.45 0.45 0.47 0.47 1 1
2.5 3 14.5 14 15 5.28 0.38 0.38 0.35 0.35 1 1
2.5 3 15.5 15 16 4.47 0.35 0.35 0.3 0.3 1 1
2.5 3 16.5 16 17 3.08 0.29 0.29 0.21 0.21 1 1
2.5 3 17.5 17 18 2.81 0.26 0.26 0.19 0.19 1 1
2.5 3 18.5 18 19 2.46 0.24 0.24 0.17 0.17 1 1
2.5 3 19.5 19 20 1.65 0.19 0.19 0.12 0.12 1 1
2.5 3 21 20 22 1.35 0.12 0.12 0.09 0.09 1 1
2.5 3 23 22 24 1.06 0.11 0.11 0.08 0.08 1 1
2.5 3 25 24 26 0.46 0.07 0.07 0.03 0.03 1 1
2.5 3 27 26 28 0.41 0.07 0.07 0.03 0.03 1 1
2.5 3 29 28 30 0.32 0.06 0.06 0.03 0.03 1 1
