3 3.5 0.5 0 1 53.9367 0.539715 0.539715 1.90139 1.90139 1 1
3 3.5 1.5 1 2 137.561 0.860672 0.860672 4.46378 4.46378 1 1
3 3.5 2.5 2 3 170.482 0.96043 0.96043 5.4132 5.4132 1 1
3 3.5 3.5 3 4 168.386 0.960089 0.960089 5.32638 5.32638 1 1
3 3.5 4.5 4 5 144.42 0.891668 0.891668 4.6008 4.6008 1 1
3 3.5 5.5 5 6 118.722 0.809223 0.809223 3.85744 3.85744 1 1
3 3.5 6.5 6 7 90.9577 0.708018 0.708018 2.96575 2.96575 1 1
3 3.5 7.5 7 8 66.8534 0.599539 0.599539 2.15143 2.15143 1 1
3 3.5 8.5 8 9 49.5111 0.508601 0.508601 1.63941 1.63941 1 1
3 3.5 9.5 9 10 36.7714 0.43328 0.43328 1.19345 1.19345 1 1
3 3.5 10.5 10 11 27.4146 0.369946 0.369946 0.867867 0.867867 1 1
3 3.5 11.5 11 12 19.6256 0.310855 0.310855 0.621402 0.621402 1 1
3 3.5 12.5 12 13 14.1669 0.262297 0.262297 0.447832 0.447832 1 1
3 3.5 13.5 13 14 10.2854 0.222175 0.222175 0.328913 0.328913 1 1
3 3.5 14.5 14 15 7.40252 0.187918 0.187918 0.272499 0.272499 1 1
3 3.5 15.5 15 16 5.48128 0.161714 0.161714 0.173793 0.173793 1 1
3 3.5 16.5 16 17 3.98942 0.138832 0.138832 0.126386 0.126386 1 1
3 3.5 17.5 17 18 3.03727 0.119919 0.119919 0.0986528 0.0986528 1 1
3 3.5 18.5 18 19 2.25739 0.104413 0.104413 0.0713563 0.0713563 1 1
3 3.5 19.5 19 20 1.68724 0.0909719 0.0909719 0.0537261 0.0537261 1 1
3 3.5 21 20 22 1.15233 0.0531542 0.0531542 0.0372627 0.0372627 1 1
3 3.5 23 22 24 0.654657 0.0408535 0.0408535 0.0281369 0.0281369 1 1
3 3.5 25 24 26 0.38896 0.032667 0.032667 0.014759 0.014759 1 1
3 3.5 28 26 30 0.222771 0.0195585 0.0195585 0.0168597 0.0168597 1 1
