2 2.5 2.5 2 3 232.86 5.8 5.8 5.39 5.39 1 1
2 2.5 3.5 3 4 192.93 3.96 3.96 4.02 4.02 1 1
2 2.5 4.5 4 5 124.73 2.38 2.38 2.7 2.7 1 1
2 2.5 5.5 5 6 77.27 1.46 1.46 1.78 1.78 1 1
2 2.5 6.5 6 7 45.13 0.91 0.91 1.11 1.11 1 1
2 2.5 7.5 7 8 28.87 0.62 0.62 0.77 0.77 1 1
2 2.5 8.5 8 9 17.52 0.42 0.42 0.49 0.49 1 1
2 2.5 9.5 9 10 10.94 0.29 0.29 0.34 0.34 1 1
2 2.5 10.5 10 11 7.66 0.23 0.23 0.28 0.28 1 1
2 2.5 11.5 11 12 4.25 0.16 0.16 0.17 0.17 1 1
2 2.5 12.5 12 13 3.09 0.13 0.13 0.16 0.16 1 1
2 2.5 13.5 13 14 1.63 0.09 0.09 0.08 0.08 1 1
2 2.5 14.5 14 15 1.42 0.08 0.08 0.08 0.08 1 1
2 2.5 15.5 15 16 1.18 0.08 0.08 0.09 0.09 1 1
2 2.5 16.5 16 17 0.81 0.06 0.06 0.07 0.07 1 1
2 2.5 17.5 17 18 0.54 0.05 0.05 0.06 0.06 1 1
2 2.5 19 18 20 0.29 0.02 0.02 0.02 0.02 1 1
