2.5 3 0.5 0 1 17.48 0.87 0.87 1.11 1.11 1 1
2.5 3 1.5 1 2 47.02 1.45 1.45 2.96 2.96 1 1
2.5 3 2.5 2 3 58.61 1.65 1.65 3.66 3.66 1 1
2.5 3 3.5 3 4 66.47 1.78 1.78 4.14 4.14 1 1
2.5 3 4.5 4 5 64.62 1.75 1.75 4.06 4.06 1 1
2.5 3 5.5 5 6 61.03 1.68 1.68 3.78 3.78 1 1
2.5 3 6.5 6 7 49.55 1.5 1.5 3.08 3.08 1 1
2.5 3 7.5 7 8 42.95 1.32 1.32 2.68 2.68 1 1
2.5 3 8.5 8 9 34.72 1.14 1.14 2.16 2.16 1 1
2.5 3 9.5 9 10 27.93 0.98 0.98 1.76 1.76 1 1
2.5 3 10.5 10 11 21.65 0.83 0.83 1.37 1.37 1 1
2.5 3 11.5 11 12 16.51 0.69 0.69 1.04 1.04 1 1
2.5 3 12.5 12 13 14.3 0.61 0.61 0.9 0.9 1 1
2.5 3 13.5 13 14 10.57 0.53 0.53 0.67 0.67 1 1
2.5 3 14.5 14 15 8.29 0.46 0.46 0.53 0.53 1 1
2.5 3 15.5 15 16 6.76 0.4 0.4 0.44 0.44 1 1
2.5 3 16.5 16 17 4.85 0.34 0.34 0.32 0.32 1 1
2.5 3 17.5 17 18 3.43 0.28 0.28 0.23 0.23 1 1
2.5 3 18.5 18 19 3.53 0.28 0.28 0.24 0.24 1 1
2.5 3 19.5 19 20 2.88 0.25 0.25 0.2 0.2 1 1
2.5 3 21 20 22 1.89 0.14 0.14 0.13 0.13 1 1
2.5 3 23 22 24 1.1 0.11 0.11 0.08 0.08 1 1
2.5 3 25 24 26 0.78 0.09 0.09 0.06 0.06 1 1
2.5 3 27 26 28 0.61 0.08 0.08 0.05 0.05 1 1
2.5 3 29 28 30 0.49 0.07 0.07 0.04 0.04 1 1
