3 3.5 0.5 0 1 82.21 1.65 1.65 5.63 5.63 1 1
3 3.5 1.5 1 2 216.85 2.61 2.61 14.87 14.87 1 1
3 3.5 2.5 2 3 274.8 2.89 2.89 18.39 18.39 1 1
3 3.5 3.5 3 4 281 2.9 2.9 18.17 18.17 1 1
3 3.5 4.5 4 5 251.96 2.7 2.7 16.26 16.26 1 1
3 3.5 5.5 5 6 211.58 2.5 2.5 13.8 13.8 1 1
3 3.5 6.5 6 7 172.49 2.2 2.2 11.1 11.1 1 1
3 3.5 7.5 7 8 136.22 1.9 1.9 8.62 8.62 1 1
3 3.5 8.5 8 9 103.59 1.58 1.58 6.65 6.65 1 1
3 3.5 9.5 9 10 76.04 1.34 1.34 4.98 4.98 1 1
3 3.5 10.5 10 11 59.17 1.16 1.16 3.92 3.92 1 1
3 3.5 11.5 11 12 44.4 0.99 0.99 2.96 2.96 1 1
3 3.5 12.5 12 13 31.71 0.83 0.83 2.12 2.12 1 1
3 3.5 13.5 13 14 23.81 0.71 0.71 1.61 1.61 1 1
3 3.5 14.5 14 15 17.87 0.61 0.61 1.23 1.23 1 1
3 3.5 15.5 15 16 13.14 0.51 0.51 0.91 0.91 1 1
3 3.5 16.5 16 17 10.41 0.46 0.46 0.75 0.75 1 1
3 3.5 17.5 17 18 8.35 0.41 0.41 0.61 0.61 1 1
3 3.5 18.5 18 19 5.82 0.35 0.35 0.44 0.44 1 1
3 3.5 19.5 19 20 5.15 0.32 0.32 0.39 0.39 1 1
3 3.5 21 20 22 3.53 0.18 0.18 0.27 0.27 1 1
3 3.5 23 22 24 2.06 0.14 0.14 0.17 0.17 1 1
3 3.5 25 24 26 1.49 0.12 0.12 0.13 0.13 1 1
3 3.5 28 26 30 0.67 0.06 0.06 0.06 0.06 1 1
