2 2.5 0.5 0 1 52.1511 0.953559 0.953559 1.78394 1.78394 1 1
2 2.5 1.5 1 2 135.739 1.53506 1.53506 4.75048 4.75048 1 1
2 2.5 2.5 2 3 170.075 1.69606 1.69606 5.56212 5.56212 1 1
2 2.5 3.5 3 4 170.509 1.68076 1.68076 6.38157 6.38157 1 1
2 2.5 4.5 4 5 154.303 1.59698 1.59698 4.92002 4.92002 1 1
2 2.5 5.5 5 6 126.841 1.42317 1.42317 4.53677 4.53677 1 1
2 2.5 6.5 6 7 101.862 1.26168 1.26168 3.58058 3.58058 1 1
2 2.5 7.5 7 8 77.4201 1.09132 1.09132 2.68902 2.68902 1 1
2 2.5 8.5 8 9 57.2575 0.929247 0.929247 1.9716 1.9716 1 1
2 2.5 9.5 9 10 44.3027 0.811912 0.811912 1.55288 1.55288 1 1
2 2.5 10.5 10 11 33.473 0.70494 0.70494 1.14252 1.14252 1 1
2 2.5 11.5 11 12 24.5956 0.600351 0.600351 0.882037 0.882037 1 1
2 2.5 12.5 12 13 18.48 0.514381 0.514381 0.654992 0.654992 1 1
2 2.5 13.5 13 14 13.5608 0.430315 0.430315 0.461087 0.461087 1 1
2 2.5 14.5 14 15 10.7557 0.384896 0.384896 0.398495 0.398495 1 1
2 2.5 15.5 15 16 6.87789 0.300848 0.300848 0.22099 0.22099 1 1
2 2.5 16.5 16 17 5.82966 0.2756 0.2756 0.231052 0.231052 1 1
2 2.5 17.5 17 18 4.57217 0.236178 0.236178 0.151748 0.151748 1 1
2 2.5 18.5 18 19 3.27701 0.19989 0.19989 0.130041 0.130041 1 1
2 2.5 19.5 19 20 2.55934 0.169397 0.169397 0.094417 0.094417 1 1
2 2.5 21 20 22 1.64612 0.095932 0.095932 0.0714836 0.0714836 1 1
2 2.5 23 22 24 1.12209 0.0750672 0.0750672 0.0367029 0.0367029 1 1
2 2.5 25 24 26 0.718099 0.061673 0.061673 0.0253027 0.0253027 1 1
2 2.5 28 26 30 0.349639 0.0315101 0.0315101 0.0122825 0.0122825 1 1
