4 4.5 2.5 2 3 133.13 1.99 1.99 1.62 1.62 1 1
4 4.5 3.5 3 4 85.03 1.42 1.42 1.09 1.09 1 1
4 4.5 4.5 4 5 57.41 1 1 0.82 0.82 1 1
4 4.5 5.5 5 6 34.35 0.66 0.66 0.58 0.58 1 1
4 4.5 6.5 6 7 19.22 0.47 0.47 0.38 0.38 1 1
4 4.5 7.5 7 8 12.23 0.32 0.32 0.31 0.31 1 1
4 4.5 8.5 8 9 6.08 0.21 0.21 0.18 0.18 1 1
4 4.5 9.5 9 10 3.81 0.16 0.16 0.14 0.14 1 1
4 4.5 10.5 10 11 2.47 0.11 0.11 0.11 0.11 1 1
4 4.5 11.5 11 12 1.67 0.1 0.1 0.09 0.09 1 1
4 4.5 12.5 12 13 0.74 0.06 0.06 0.05 0.05 1 1
4 4.5 13.5 13 14 0.58 0.06 0.06 0.04 0.04 1 1
4 4.5 15 14 16 0.26 0.03 0.03 0.02 0.02 1 1
4 4.5 18 16 20 0.15 0.01 0.01 0.02 0.02 1 1
