2 2.5 0.5 0 1 4.43473 0.336107 0.336107 0.17015 0.17015 1 1
2 2.5 1.5 1 2 11.9801 0.553063 0.553063 0.507449 0.507449 1 1
2 2.5 2.5 2 3 16.4443 0.629153 0.629153 0.565622 0.565622 1 1
2 2.5 3.5 3 4 18.6289 0.655863 0.655863 0.904361 0.904361 1 1
2 2.5 4.5 4 5 16.0038 0.613409 0.613409 0.50753 0.50753 1 1
2 2.5 5.5 5 6 15.3485 0.584743 0.584743 0.688102 0.688102 1 1
2 2.5 6.5 6 7 13.6763 0.541607 0.541607 0.593376 0.593376 1 1
2 2.5 7.5 7 8 11.3599 0.490687 0.490687 0.46344 0.46344 1 1
2 2.5 8.5 8 9 9.2643 0.439121 0.439121 0.372009 0.372009 1 1
2 2.5 9.5 9 10 7.85833 0.396336 0.396336 0.326104 0.326104 1 1
2 2.5 10.5 10 11 6.16249 0.353072 0.353072 0.226039 0.226039 1 1
2 2.5 11.5 11 12 4.80053 0.309771 0.309771 0.199913 0.199913 1 1
2 2.5 12.5 12 13 4.00105 0.276364 0.276364 0.16901 0.16901 1 1
2 2.5 13.5 13 14 3.33854 0.243684 0.243684 0.155894 0.155894 1 1
2 2.5 14.5 14 15 2.62032 0.217203 0.217203 0.110658 0.110658 1 1
2 2.5 15.5 15 16 2.10967 0.186542 0.186542 0.0687072 0.0687072 1 1
2 2.5 16.5 16 17 1.68938 0.167925 0.167925 0.0785135 0.0785135 1 1
2 2.5 17.5 17 18 1.0739 0.130746 0.130746 0.0385324 0.0385324 1 1
2 2.5 18.5 18 19 0.899535 0.117537 0.117537 0.0465552 0.0465552 1 1
2 2.5 19.5 19 20 0.823929 0.10998 0.10998 0.0391028 0.0391028 1 1
2 2.5 21 20 22 0.637365 0.0677986 0.0677986 0.0313019 0.0313019 1 1
2 2.5 23 22 24 0.455333 0.0534072 0.0534072 0.0151789 0.0151789 1 1
2 2.5 25 24 26 0.228943 0.0386538 0.0386538 0.00915024 0.00915024 1 1
2 2.5 28 26 30 0.156222 0.0236572 0.0236572 0.00526657 0.00526657 1 1
