3.5 4 2.5 2 3 167.07 2.19 2.19 1.3 1.3 1 1
3.5 4 3.5 3 4 120.42 1.49 1.49 0.96 0.96 1 1
3.5 4 4.5 4 5 76.73 0.93 0.93 0.68 0.68 1 1
3.5 4 5.5 5 6 47.25 0.44 0.44 0.48 0.48 1 1
3.5 4 6.5 6 7 28.7 0.39 0.39 0.36 0.36 1 1
3.5 4 7.5 7 8 15.97 0.27 0.27 0.25 0.25 1 1
3.5 4 8.5 8 9 9.86 0.2 0.2 0.19 0.19 1 1
3.5 4 9.5 9 10 5.9 0.15 0.15 0.15 0.15 1 1
3.5 4 10.5 10 11 3.83 0.12 0.12 0.11 0.11 1 1
3.5 4 11.5 11 12 2.37 0.09 0.09 0.08 0.08 1 1
3.5 4 12.5 12 13 1.39 0.07 0.07 0.06 0.06 1 1
3.5 4 13.5 13 14 0.91 0.05 0.05 0.04 0.04 1 1
3.5 4 14.5 14 15 0.59 0.04 0.04 0.04 0.04 1 1
3.5 4 16 15 17 0.41 0.03 0.03 0.02 0.02 1 1
3.5 4 18.5 17 20 0.15 0.01 0.01 0.01 0.01 1 1
