3 3.5 0.5 0 1 892 8 8 10 10 1 1
3 3.5 1.5 1 2 1764 11 11 14 14 1 1
3 3.5 2.5 2 3 1470 9 9 12 12 1 1
3 3.5 3.5 3 4 930 6 6 9 9 1 1
3 3.5 4.5 4 5 531 4 4 6 6 1 1
3 3.5 5.5 5 6 293 3 3 4 4 1 1
3 3.5 6.5 6 7 156.1 1.9 1.9 2.4 2.4 1 1
3 3.5 7.5 7 8 85.8 1.4 1.4 1.7 1.7 1 1
3 3.5 8.5 8 9 48.8 1 1 1.3 1.3 1 1
3 3.5 9.5 9 10 26.6 0.7 0.7 0.8 0.8 1 1
3 3.5 10.5 10 11 17 0.6 0.6 0.7 0.7 1 1
3 3.5 11.5 11 12 11 0.5 0.5 0.5 0.5 1 1
3 3.5 12.5 12 13 6.8 0.4 0.4 0.4 0.4 1 1
3 3.5 13.5 13 14 3.9 0.3 0.3 0.3 0.3 1 1
