4 4.5 0.5 0 1 8.43 0.79 0.79 1.02 1.02 1 1
4 4.5 1.5 1 2 25.69 1.38 1.38 3.04 3.04 1 1
4 4.5 2.5 2 3 31.5 1.49 1.49 4.31 4.31 1 1
4 4.5 3.5 3 4 30.28 1.52 1.52 4.01 4.01 1 1
4 4.5 4.5 4 5 35.79 1.65 1.65 4.62 4.62 1 1
4 4.5 5.5 5 6 29.36 1.54 1.54 3.96 3.96 1 1
4 4.5 6.5 6 7 23.17 1.39 1.39 3.17 3.17 1 1
4 4.5 7.5 7 8 19 1.25 1.25 2.35 2.35 1 1
4 4.5 8.5 8 9 14.44 1.1 1.1 1.91 1.91 1 1
4 4.5 9.5 9 10 10.82 0.92 0.92 1.57 1.57 1 1
4 4.5 10.5 10 11 10.55 0.91 0.91 1.33 1.33 1 1
4 4.5 11.5 11 12 6.32 0.76 0.76 0.81 0.81 1 1
4 4.5 12.5 12 13 4.46 0.64 0.64 0.57 0.57 1 1
4 4.5 14 13 15 4.16 0.4 0.4 0.53 0.53 1 1
4 4.5 17.5 15 20 1.55 0.15 0.15 0.19 0.19 1 1
4 4.5 25 20 30 0.27 0.05 0.05 0.04 0.04 1 1
