4 4.5 0.5 0 1 49.85 1.74 1.74 5.94 5.94 1 1
4 4.5 1.5 1 2 124.19 2.68 2.68 14.27 14.27 1 1
4 4.5 2.5 2 3 151.23 2.94 2.94 20.38 20.38 1 1
4 4.5 3.5 3 4 156.12 3.04 3.04 20.26 20.26 1 1
4 4.5 4.5 4 5 147.4 3 3 18.69 18.69 1 1
4 4.5 5.5 5 6 118.96 2.68 2.68 16 16 1 1
4 4.5 6.5 6 7 92.48 2.41 2.41 12.4 12.4 1 1
4 4.5 7.5 7 8 67.5 2.05 2.05 8.26 8.26 1 1
4 4.5 8.5 8 9 51.49 1.85 1.85 6.58 6.58 1 1
4 4.5 9.5 9 10 38.61 1.59 1.59 5.52 5.52 1 1
4 4.5 10.5 10 11 26.02 1.3 1.3 3.16 3.16 1 1
4 4.5 11.5 11 12 21.94 1.17 1.17 2.79 2.79 1 1
4 4.5 12.5 12 13 13.07 0.93 0.93 1.69 1.69 1 1
4 4.5 14 13 15 9.77 0.53 0.53 1.24 1.24 1 1
4 4.5 17.5 15 20 3.48 0.2 0.2 0.44 0.44 1 1
4 4.5 25 20 30 0.54 0.06 0.06 0.07 0.07 1 1
