4 4.5 0.5 0 1 5.71636 0.380081 0.380081 0.264857 0.264857 1 1
4 4.5 1.5 1 2 14.3211 0.590295 0.590295 0.457606 0.457606 1 1
4 4.5 2.5 2 3 16.9899 0.626246 0.626246 0.895704 0.895704 1 1
4 4.5 3.5 3 4 17.4438 0.611404 0.611404 0.600838 0.600838 1 1
4 4.5 4.5 4 5 15.3351 0.562072 0.562072 0.546606 0.546606 1 1
4 4.5 5.5 5 6 13.3368 0.51916 0.51916 0.429829 0.429829 1 1
4 4.5 6.5 6 7 9.8218 0.434414 0.434414 0.487313 0.487313 1 1
4 4.5 7.5 7 8 7.33406 0.386467 0.386467 0.245577 0.245577 1 1
4 4.5 8.5 8 9 5.09995 0.322448 0.322448 0.231191 0.231191 1 1
4 4.5 9.5 9 10 3.76744 0.292151 0.292151 0.134613 0.134613 1 1
4 4.5 10.5 10 11 2.56794 0.26 0.26 0.272065 0.272065 1 1
4 4.5 11.5 11 12 1.8928 0.251583 0.251583 0.0643087 0.0643087 1 1
4 4.5 12.5 12 13 1.13655 0.191001 0.191001 0.0488919 0.0488919 1 1
4 4.5 14 13 15 0.713001 0.142486 0.142486 0.0359521 0.0359521 1 1
4 4.5 17.5 15 20 0.13109 0.0452002 0.0452002 0.00705547 0.00705547 1 1
