4 4.5 0.5 0 1 2.20565 0.264442 0.264442 0.119781 0.119781 1 1
4 4.5 1.5 1 2 6.65217 0.441849 0.441849 0.211724 0.211724 1 1
4 4.5 2.5 2 3 7.97996 0.464028 0.464028 0.543562 0.543562 1 1
4 4.5 3.5 3 4 7.88062 0.443339 0.443339 0.276456 0.276456 1 1
4 4.5 4.5 4 5 6.66561 0.403235 0.403235 0.235558 0.235558 1 1
4 4.5 5.5 5 6 5.96928 0.369219 0.369219 0.193467 0.193467 1 1
4 4.5 6.5 6 7 5.13809 0.330266 0.330266 0.318057 0.318057 1 1
4 4.5 7.5 7 8 3.87366 0.297479 0.297479 0.136595 0.136595 1 1
4 4.5 8.5 8 9 2.66509 0.250703 0.250703 0.113878 0.113878 1 1
4 4.5 9.5 9 10 1.97993 0.215483 0.215483 0.0684345 0.0684345 1 1
4 4.5 10.5 10 11 1.30551 0.20118 0.20118 0.210276 0.210276 1 1
4 4.5 11.5 11 12 0.784638 0.159488 0.159488 0.0275569 0.0275569 1 1
4 4.5 12.5 12 13 0.624152 0.15384 0.15384 0.0242714 0.0242714 1 1
4 4.5 14 13 15 0.564592 0.113578 0.113578 0.0274105 0.0274105 1 1
4 4.5 17.5 15 20 0.13838 0.0454194 0.0454194 0.00454105 0.00454105 1 1
