2 2.5 0.5 0 1 906 14 14 24 24 1 1
2 2.5 1.5 1 2 1880 20 20 46 46 1 1
2 2.5 2.5 2 3 1697 16 16 41 41 1 1
2 2.5 3.5 3 4 1069 11 11 20 20 1 1
2 2.5 4.5 4 5 656 7 7 14 14 1 1
2 2.5 5.5 5 6 369 5 5 9 9 1 1
2 2.5 6.5 6 7 210.3 3.3 3.3 5.2 5.2 1 1
2 2.5 7.5 7 8 107.3 2.1 2.1 3.3 3.3 1 1
2 2.5 8.5 8 9 61.7 1.5 1.5 2.1 2.1 1 1
2 2.5 9.5 9 10 37.6 1.1 1.1 1.5 1.5 1 1
2 2.5 10.5 10 11 23.9 0.9 0.9 1.3 1.3 1 1
2 2.5 11.5 11 12 15.6 0.7 0.7 1 1 1 1
2 2.5 12.5 12 13 9.2 0.5 0.5 0.6 0.6 1 1
2 2.5 13.5 13 14 5.8 0.4 0.4 0.5 0.5 1 1
