3.5 4 0.5 0 1 4.10686 0.203545 0.203545 0.271006 0.271006 1 1
3.5 4 1.5 1 2 10.7956 0.32351 0.32351 0.365055 0.365055 1 1
3.5 4 2.5 2 3 13.9639 0.36307 0.36307 0.558797 0.558797 1 1
3.5 4 3.5 3 4 13.9734 0.361402 0.361402 0.454056 0.454056 1 1
3.5 4 4.5 4 5 12.8095 0.345895 0.345895 0.58548 0.58548 1 1
3.5 4 5.5 5 6 10.8349 0.314922 0.314922 0.373787 0.373787 1 1
3.5 4 6.5 6 7 9.85117 0.293513 0.293513 0.338007 0.338007 1 1
3.5 4 7.5 7 8 7.44437 0.255168 0.255168 0.286826 0.286826 1 1
3.5 4 8.5 8 9 6.2949 0.231322 0.231322 0.210763 0.210763 1 1
3.5 4 9.5 9 10 4.0543 0.188462 0.188462 0.161289 0.161289 1 1
3.5 4 10.5 10 11 3.6723 0.172677 0.172677 0.118408 0.118408 1 1
3.5 4 11.5 11 12 2.85001 0.150455 0.150455 0.106074 0.106074 1 1
3.5 4 12.5 12 13 1.93696 0.125308 0.125308 0.0667078 0.0667078 1 1
3.5 4 13.5 13 14 1.53601 0.109863 0.109863 0.0516989 0.0516989 1 1
3.5 4 14.5 14 15 1.05495 0.0926498 0.0926498 0.0437684 0.0437684 1 1
3.5 4 15.5 15 16 0.936731 0.0878347 0.0878347 0.0360706 0.0360706 1 1
3.5 4 16.5 16 17 0.813843 0.0830467 0.0830467 0.0363786 0.0363786 1 1
3.5 4 17.5 17 18 0.675126 0.0794544 0.0794544 0.0264979 0.0264979 1 1
3.5 4 18.5 18 19 0.387055 0.0613274 0.0613274 0.0242346 0.0242346 1 1
3.5 4 19.5 19 20 0.262181 0.0526683 0.0526683 0.0117092 0.0117092 1 1
3.5 4 22.5 20 25 0.130997 0.0162632 0.0162632 0.00422356 0.00422356 1 1
