2.5 3 0.5 0 1 12.887 0.316357 0.316357 0.413072 0.413072 1 1
2.5 3 1.5 1 2 31.9006 0.502775 0.502775 1.04243 1.04243 1 1
2.5 3 2.5 2 3 41.9639 0.57639 0.57639 1.35208 1.35208 1 1
2.5 3 3.5 3 4 42.9852 0.587795 0.587795 1.38342 1.38342 1 1
2.5 3 4.5 4 5 40.3288 0.568824 0.568824 1.28155 1.28155 1 1
2.5 3 5.5 5 6 32.7485 0.519706 0.519706 1.05598 1.05598 1 1
2.5 3 6.5 6 7 28.0773 0.471826 0.471826 0.923634 0.923634 1 1
2.5 3 7.5 7 8 22.8454 0.42162 0.42162 0.826337 0.826337 1 1
2.5 3 8.5 8 9 18.3489 0.3704 0.3704 0.626367 0.626367 1 1
2.5 3 9.5 9 10 13.8234 0.314534 0.314534 0.449581 0.449581 1 1
2.5 3 10.5 10 11 10.5512 0.267993 0.267993 0.345052 0.345052 1 1
2.5 3 11.5 11 12 8.06871 0.2318 0.2318 0.305157 0.305157 1 1
2.5 3 12.5 12 13 6.13546 0.199108 0.199108 0.206452 0.206452 1 1
2.5 3 13.5 13 14 5.00257 0.175923 0.175923 0.173603 0.173603 1 1
2.5 3 14.5 14 15 3.7086 0.149253 0.149253 0.132172 0.132172 1 1
2.5 3 15.5 15 16 2.8955 0.131134 0.131134 0.100197 0.100197 1 1
2.5 3 16.5 16 17 2.34776 0.116477 0.116477 0.0861818 0.0861818 1 1
2.5 3 17.5 17 18 1.76109 0.100618 0.100618 0.0570629 0.0570629 1 1
2.5 3 18.5 18 19 1.47668 0.0902594 0.0902594 0.0479985 0.0479985 1 1
2.5 3 19.5 19 20 1.0773 0.0770883 0.0770883 0.0378693 0.0378693 1 1
2.5 3 21 20 22 0.768856 0.0463312 0.0463312 0.0254264 0.0254264 1 1
2.5 3 23 22 24 0.429778 0.0353847 0.0353847 0.0169479 0.0169479 1 1
2.5 3 25 24 26 0.310683 0.0299516 0.0299516 0.0155175 0.0155175 1 1
2.5 3 27 26 28 0.185903 0.0233173 0.0233173 0.00840085 0.00840085 1 1
2.5 3 29 28 30 0.12203 0.0202523 0.0202523 0.0056875 0.0056875 1 1
