3 3.5 0.5 0 1 16.64 0.92 0.92 1.14 1.14 1 1
3 3.5 1.5 1 2 40.56 1.42 1.42 2.77 2.77 1 1
3 3.5 2.5 2 3 57.16 1.63 1.63 3.85 3.85 1 1
3 3.5 3.5 3 4 62.67 1.65 1.65 4.06 4.06 1 1
3 3.5 4.5 4 5 57.78 1.53 1.53 3.72 3.72 1 1
3 3.5 5.5 5 6 52.15 1.45 1.45 3.39 3.39 1 1
3 3.5 6.5 6 7 43.04 1.29 1.29 2.76 2.76 1 1
3 3.5 7.5 7 8 37.01 1.12 1.12 2.34 2.34 1 1
3 3.5 8.5 8 9 29.41 0.95 0.95 1.88 1.88 1 1
3 3.5 9.5 9 10 23.81 0.81 0.81 1.57 1.57 1 1
3 3.5 10.5 10 11 18.12 0.71 0.71 1.2 1.2 1 1
3 3.5 11.5 11 12 14.06 0.6 0.6 0.94 0.94 1 1
3 3.5 12.5 12 13 10.38 0.51 0.51 0.71 0.71 1 1
3 3.5 13.5 13 14 7.96 0.44 0.44 0.54 0.54 1 1
3 3.5 14.5 14 15 7.27 0.41 0.41 0.51 0.51 1 1
3 3.5 15.5 15 16 5.58 0.35 0.35 0.39 0.39 1 1
3 3.5 16.5 16 17 4.14 0.31 0.31 0.3 0.3 1 1
3 3.5 17.5 17 18 3.26 0.27 0.27 0.24 0.24 1 1
3 3.5 18.5 18 19 2.38 0.23 0.23 0.18 0.18 1 1
3 3.5 19.5 19 20 1.95 0.22 0.22 0.15 0.15 1 1
3 3.5 21 20 22 1.65 0.13 0.13 0.13 0.13 1 1
3 3.5 23 22 24 0.78 0.09 0.09 0.06 0.06 1 1
3 3.5 25 24 26 0.63 0.08 0.08 0.05 0.05 1 1
3 3.5 28 26 30 0.31 0.04 0.04 0.03 0.03 1 1
