3.5 4 0.5 0 1 850 8 8 11 11 1 1
3.5 4 1.5 1 2 1545 10 10 14 14 1 1
3.5 4 2.5 2 3 1272 8 8 13 13 1 1
3.5 4 3.5 3 4 801 6 6 9 9 1 1
3.5 4 4.5 4 5 444 4 4 6 6 1 1
3.5 4 5.5 5 6 234 3 3 4 4 1 1
3.5 4 6.5 6 7 119.6 1.7 1.7 0.8 0.8 1 1
3.5 4 7.5 7 8 65 1.3 1.3 1.5 1.5 1 1
3.5 4 8.5 8 9 36.4 0.9 0.9 1 1 1 1
3.5 4 9.5 9 10 20.9 0.7 0.7 0.8 0.8 1 1
3.5 4 10.5 10 11 12.1 0.5 0.5 0.6 0.6 1 1
3.5 4 11.5 11 12 6.4 0.3 0.3 0.3 0.3 1 1
3.5 4 12.5 12 13 4.4 0.3 0.3 0.3 0.3 1 1
3.5 4 13.5 13 14 2.1 0.2 0.2 0.2 0.2 1 1
