3 3.5 2.5 2 3 918 6 6 53 53 28 28
3 3.5 3.5 3 4 541 4 4 32 32 17 17
3 3.5 4.5 4 5 285.1 2.4 2.4 17.7 17.7 8.5 8.5
3 3.5 5.5 5 6 146.4 1.7 1.7 9.3 9.3 4.2 4.2
3 3.5 6.5 6 7 71.7 1.1 1.1 4.8 4.8 1.9 1.9
3 3.5 7.5 7 8 37.8 0.7 0.7 2.4 2.4 1.2 1.2
3 3.5 8.5 8 9 20.3 0.5 0.5 1.3 1.3 0.6 0.6
3 3.5 9.5 9 10 10.8 0.4 0.4 0.7 0.7 0.3 0.3
3 3.5 10.5 10 11 7.7 0.34 0.34 0.5 0.5 0.31 0.31
3 3.5 11.5 11 12 4.03 0.23 0.23 0.26 0.26 0.13 0.13
3 3.5 12.5 12 13 2.64 0.18 0.18 0.17 0.17 0.09 0.09
3 3.5 13.5 13 14 1.37 0.15 0.15 0.09 0.09 0.06 0.06
