3 3.5 0.5 0 1 11.3853 0.286137 0.286137 0.432732 0.432732 1 1
3 3.5 1.5 1 2 28.8074 0.454226 0.454226 0.954579 0.954579 1 1
3 3.5 2.5 2 3 36.7056 0.50827 0.50827 1.17669 1.17669 1 1
3 3.5 3.5 3 4 38.4369 0.514319 0.514319 1.21966 1.21966 1 1
3 3.5 4.5 4 5 34.8003 0.485087 0.485087 1.13275 1.13275 1 1
3 3.5 5.5 5 6 28.9399 0.440426 0.440426 0.983328 0.983328 1 1
3 3.5 6.5 6 7 23.6772 0.395426 0.395426 0.825548 0.825548 1 1
3 3.5 7.5 7 8 18.743 0.346841 0.346841 0.633535 0.633535 1 1
3 3.5 8.5 8 9 14.8581 0.301411 0.301411 0.528551 0.528551 1 1
3 3.5 9.5 9 10 11.2731 0.258141 0.258141 0.398799 0.398799 1 1
3 3.5 10.5 10 11 7.92241 0.215008 0.215008 0.251119 0.251119 1 1
3 3.5 11.5 11 12 6.46292 0.19141 0.19141 0.206953 0.206953 1 1
3 3.5 12.5 12 13 4.85967 0.162841 0.162841 0.153797 0.153797 1 1
3 3.5 13.5 13 14 4.03062 0.148117 0.148117 0.131617 0.131617 1 1
3 3.5 14.5 14 15 2.94339 0.125709 0.125709 0.126345 0.126345 1 1
3 3.5 15.5 15 16 1.93236 0.102448 0.102448 0.0620416 0.0620416 1 1
3 3.5 16.5 16 17 1.73689 0.0966039 0.0966039 0.0553375 0.0553375 1 1
3 3.5 17.5 17 18 1.2396 0.0809985 0.0809985 0.0413233 0.0413233 1 1
3 3.5 18.5 18 19 0.950918 0.0727389 0.0727389 0.0300817 0.0300817 1 1
3 3.5 19.5 19 20 0.714322 0.0625338 0.0625338 0.0229846 0.0229846 1 1
3 3.5 21 20 22 0.478512 0.0369645 0.0369645 0.0164175 0.0164175 1 1
3 3.5 23 22 24 0.32639 0.0306582 0.0306582 0.0185668 0.0185668 1 1
3 3.5 25 24 26 0.183833 0.024275 0.024275 0.00800013 0.00800013 1 1
3 3.5 28 26 30 0.105396 0.0145249 0.0145249 0.0126597 0.0126597 1 1
