2.5 3 0.5 0 1 89.26 1.65 1.65 5.65 5.65 1 1
2.5 3 1.5 1 2 236.95 2.72 2.72 14.94 14.94 1 1
2.5 3 2.5 2 3 303.07 3.14 3.14 18.95 18.95 1 1
2.5 3 3.5 3 4 313.85 3.22 3.22 19.58 19.58 1 1
2.5 3 4.5 4 5 285.77 3.09 3.09 18.01 18.01 1 1
2.5 3 5.5 5 6 242.35 2.86 2.86 15.04 15.04 1 1
2.5 3 6.5 6 7 194.56 2.51 2.51 12.11 12.11 1 1
2.5 3 7.5 7 8 156.34 2.18 2.18 9.76 9.76 1 1
2.5 3 8.5 8 9 119.99 1.86 1.86 7.49 7.49 1 1
2.5 3 9.5 9 10 89.18 1.54 1.54 5.63 5.63 1 1
2.5 3 10.5 10 11 72.34 1.34 1.34 4.54 4.54 1 1
2.5 3 11.5 11 12 53.65 1.14 1.14 3.38 3.38 1 1
2.5 3 12.5 12 13 39.55 0.98 0.98 2.5 2.5 1 1
2.5 3 13.5 13 14 28 0.79 0.79 1.78 1.78 1 1
2.5 3 14.5 14 15 22.15 0.68 0.68 1.42 1.42 1 1
2.5 3 15.5 15 16 16.2 0.58 0.58 1.05 1.05 1 1
2.5 3 16.5 16 17 13.17 0.53 0.53 0.87 0.87 1 1
2.5 3 17.5 17 18 10.13 0.45 0.45 0.68 0.68 1 1
2.5 3 18.5 18 19 8.33 0.42 0.42 0.58 0.58 1 1
2.5 3 19.5 19 20 6.19 0.34 0.34 0.43 0.43 1 1
2.5 3 21 20 22 4.47 0.21 0.21 0.31 0.31 1 1
2.5 3 23 22 24 2.86 0.17 0.17 0.21 0.21 1 1
2.5 3 25 24 26 1.6 0.12 0.12 0.12 0.12 1 1
2.5 3 27 26 28 1.16 0.1 0.1 0.1 0.1 1 1
2.5 3 29 28 30 0.82 0.09 0.09 0.07 0.07 1 1
