2.5 3 2.5 2 3 228.46 3.53 3.53 1.65 1.65 1 1
2.5 3 3.5 3 4 166.62 2.36 2.36 1.27 1.27 1 1
2.5 3 4.5 4 5 108.56 1.41 1.41 0.88 0.88 1 1
2.5 3 5.5 5 6 66.05 0.82 0.82 0.59 0.59 1 1
2.5 3 6.5 6 7 41.43 0.53 0.53 0.43 0.43 1 1
2.5 3 7.5 7 8 25.38 0.35 0.35 0.32 0.32 1 1
2.5 3 8.5 8 9 15.39 0.25 0.25 0.24 0.24 1 1
2.5 3 9.5 9 10 9.63 0.18 0.18 0.18 0.18 1 1
2.5 3 10.5 10 11 5.98 0.14 0.14 0.13 0.13 1 1
2.5 3 11.5 11 12 3.86 0.11 0.11 0.1 0.1 1 1
2.5 3 12.5 12 13 2.44 0.13 0.13 0.07 0.07 1 1
2.5 3 13.5 13 14 1.57 0.07 0.07 0.06 0.06 1 1
2.5 3 14.5 14 15 1.26 0.06 0.06 0.05 0.05 1 1
2.5 3 15.5 15 16 0.86 0.05 0.05 0.04 0.04 1 1
2.5 3 16.5 16 17 0.59 0.04 0.04 0.03 0.03 1 1
2.5 3 17.5 17 18 0.42 0.03 0.03 0.03 0.03 1 1
2.5 3 19 18 20 0.28 0.02 0.02 0.02 0.02 1 1
