3 3.5 2.5 2 3 198.36 2.86 2.86 1.34 1.34 1 1
3 3.5 3.5 3 4 147.39 1.9 1.9 1.07 1.07 1 1
3 3.5 4.5 4 5 94.79 1.09 1.09 0.74 0.74 1 1
3 3.5 5.5 5 6 58.12 0.65 0.65 0.52 0.52 1 1
3 3.5 6.5 6 7 35.2 0.43 0.43 0.37 0.37 1 1
3 3.5 7.5 7 8 21 0.3 0.3 0.27 0.27 1 1
3 3.5 8.5 8 9 12.75 0.22 0.22 0.2 0.2 1 1
3 3.5 9.5 9 10 7.46 0.16 0.16 0.14 0.14 1 1
3 3.5 10.5 10 11 4.84 0.13 0.13 0.11 0.11 1 1
3 3.5 11.5 11 12 3.16 0.1 0.1 0.09 0.09 1 1
3 3.5 12.5 12 13 2.02 0.08 0.08 0.07 0.07 1 1
3 3.5 13.5 13 14 1.26 0.06 0.06 0.05 0.05 1 1
3 3.5 14.5 14 15 0.81 0.05 0.05 0.04 0.04 1 1
3 3.5 15.5 15 16 0.58 0.04 0.04 0.03 0.03 1 1
3 3.5 16.5 16 17 0.39 0.03 0.03 0.03 0.03 1 1
3 3.5 18.5 17 20 0.21 0.01 0.01 0.01 0.01 1 1
