4 4.5 0.5 0 1 26.7325 0.732143 0.732143 0.902623 0.902623 1 1
4 4.5 1.5 1 2 63.5169 1.11869 1.11869 2.01192 2.01192 1 1
4 4.5 2.5 2 3 77.8819 1.20696 1.20696 3.18052 3.18052 1 1
4 4.5 3.5 3 4 75.4872 1.17898 1.17898 2.46266 2.46266 1 1
4 4.5 4.5 4 5 61.9993 1.03362 1.03362 2.01538 2.01538 1 1
4 4.5 5.5 5 6 48.0984 0.904665 0.904665 1.52725 1.52725 1 1
4 4.5 6.5 6 7 35.1528 0.760717 0.760717 1.39595 1.39595 1 1
4 4.5 7.5 7 8 25.5624 0.656618 0.656618 0.812184 0.812184 1 1
4 4.5 8.5 8 9 16.629 0.535289 0.535289 0.59968 0.59968 1 1
4 4.5 9.5 9 10 11.6514 0.463797 0.463797 0.384571 0.384571 1 1
4 4.5 10.5 10 11 7.77115 0.402422 0.402422 0.656003 0.656003 1 1
4 4.5 11.5 11 12 4.95052 0.334785 0.334785 0.160189 0.160189 1 1
4 4.5 12.5 12 13 3.46977 0.326559 0.326559 0.12975 0.12975 1 1
4 4.5 14 13 15 1.9339 0.187798 0.187798 0.0912158 0.0912158 1 1
4 4.5 17.5 15 20 0.417111 0.0674378 0.0674378 0.0180538 0.0180538 1 1
