2 2.5 0.5 0 1 11.6079 0.492784 0.492784 0.44385 0.44385 1 1
2 2.5 1.5 1 2 27.3549 0.762507 0.762507 1.12503 1.12503 1 1
2 2.5 2.5 2 3 38.924 0.888144 0.888144 1.34133 1.34133 1 1
2 2.5 3.5 3 4 41.4613 0.909519 0.909519 1.98164 1.98164 1 1
2 2.5 4.5 4 5 37.1551 0.856538 0.856538 1.19895 1.19895 1 1
2 2.5 5.5 5 6 32.3971 0.783888 0.783888 1.32667 1.32667 1 1
2 2.5 6.5 6 7 26.9867 0.71166 0.71166 1.1077 1.1077 1 1
2 2.5 7.5 7 8 22.5332 0.646275 0.646275 0.915198 0.915198 1 1
2 2.5 8.5 8 9 18.0739 0.573173 0.573173 0.66859 0.66859 1 1
2 2.5 9.5 9 10 13.6333 0.494606 0.494606 0.526616 0.526616 1 1
2 2.5 10.5 10 11 10.3455 0.431267 0.431267 0.399564 0.399564 1 1
2 2.5 11.5 11 12 8.19808 0.380855 0.380855 0.342963 0.342963 1 1
2 2.5 12.5 12 13 6.0329 0.319831 0.319831 0.268334 0.268334 1 1
2 2.5 13.5 13 14 5.31113 0.290609 0.290609 0.213811 0.213811 1 1
2 2.5 14.5 14 15 3.80998 0.249597 0.249597 0.186859 0.186859 1 1
2 2.5 15.5 15 16 3.11565 0.218284 0.218284 0.101509 0.101509 1 1
2 2.5 16.5 16 17 2.15227 0.184839 0.184839 0.124294 0.124294 1 1
2 2.5 17.5 17 18 1.94158 0.16604 0.16604 0.0671998 0.0671998 1 1
2 2.5 18.5 18 19 1.39421 0.141479 0.141479 0.0762569 0.0762569 1 1
2 2.5 19.5 19 20 1.26064 0.132052 0.132052 0.0598784 0.0598784 1 1
2 2.5 21 20 22 0.774705 0.0717474 0.0717474 0.0435821 0.0435821 1 1
2 2.5 23 22 24 0.433202 0.0513168 0.0513168 0.0152809 0.0152809 1 1
2 2.5 25 24 26 0.414623 0.0494298 0.0494298 0.0163538 0.0163538 1 1
2 2.5 28 26 30 0.179321 0.0246829 0.0246829 0.00663916 0.00663916 1 1
