2 2.5 2.5 2 3 1083 18 18 64 64 210 210
2 2.5 3.5 3 4 639 9 9 41 41 93 93
2 2.5 4.5 4 5 370 5 5 24 24 46 46
2 2.5 5.5 5 6 199 3 3 13.8 13.8 17.4 17.4
2 2.5 6.5 6 7 101.2 1.9 1.9 7.3 7.3 8 8
2 2.5 7.5 7 8 62.2 1.4 1.4 4.1 4.1 4.6 4.6
2 2.5 8.5 8 9 32.5 0.9 0.9 2.1 2.1 2.2 2.2
2 2.5 9.5 9 10 18.5 0.7 0.7 1.2 1.2 1.3 1.3
2 2.5 10.5 10 11 10.8 0.5 0.5 0.7 0.7 0.9 0.9
2 2.5 11.5 11 12 5.65 0.32 0.32 0.37 0.37 0.41 0.41
2 2.5 12.5 12 13 4.16 0.27 0.27 0.27 0.27 0.32 0.32
2 2.5 13.5 13 14 2.82 0.26 0.26 0.19 0.19 0.21 0.21
