3 3.5 0.5 0 1 5.08488 0.215968 0.215968 0.224258 0.224258 1 1
3 3.5 1.5 1 2 13.2223 0.344704 0.344704 0.457077 0.457077 1 1
3 3.5 2.5 2 3 16.341 0.379513 0.379513 0.518797 0.518797 1 1
3 3.5 3.5 3 4 17.0698 0.378468 0.378468 0.539591 0.539591 1 1
3 3.5 4.5 4 5 15.6862 0.356856 0.356856 0.498993 0.498993 1 1
3 3.5 5.5 5 6 14.2039 0.33205 0.33205 0.490132 0.490132 1 1
3 3.5 6.5 6 7 12.3489 0.3037 0.3037 0.438611 0.438611 1 1
3 3.5 7.5 7 8 9.49921 0.263469 0.263469 0.330572 0.330572 1 1
3 3.5 8.5 8 9 7.98072 0.232725 0.232725 0.301396 0.301396 1 1
3 3.5 9.5 9 10 6.55218 0.205216 0.205216 0.232888 0.232888 1 1
3 3.5 10.5 10 11 4.75282 0.173259 0.173259 0.150492 0.150492 1 1
3 3.5 11.5 11 12 4.03038 0.155812 0.155812 0.130299 0.130299 1 1
3 3.5 12.5 12 13 2.86382 0.130601 0.130601 0.0906632 0.0906632 1 1
3 3.5 13.5 13 14 2.09472 0.111871 0.111871 0.0695148 0.0695148 1 1
3 3.5 14.5 14 15 1.93362 0.104692 0.104692 0.0752297 0.0752297 1 1
3 3.5 15.5 15 16 1.42177 0.0894177 0.0894177 0.0453389 0.0453389 1 1
3 3.5 16.5 16 17 1.22529 0.0831111 0.0831111 0.0396529 0.0396529 1 1
3 3.5 17.5 17 18 0.792708 0.0671816 0.0671816 0.0274673 0.0274673 1 1
3 3.5 18.5 18 19 0.676114 0.0636161 0.0636161 0.0213888 0.0213888 1 1
3 3.5 19.5 19 20 0.526294 0.054371 0.054371 0.0168546 0.0168546 1 1
3 3.5 21 20 22 0.381335 0.0334447 0.0334447 0.0129643 0.0129643 1 1
3 3.5 23 22 24 0.245782 0.0277448 0.0277448 0.0132395 0.0132395 1 1
3 3.5 25 24 26 0.110402 0.0203268 0.0203268 0.00467272 0.00467272 1 1
3 3.5 28 26 30 0.0725405 0.0130224 0.0130224 0.00960013 0.00960013 1 1
