3.5 4 0.5 0 1 9.4144 0.280952 0.280952 0.55767 0.55767 1 1
3.5 4 1.5 1 2 23.7432 0.441241 0.441241 0.774001 0.774001 1 1
3.5 4 2.5 2 3 30.123 0.493676 0.493676 1.08065 1.08065 1 1
3.5 4 3.5 3 4 30.8328 0.497425 0.497425 1.01016 1.01016 1 1
3.5 4 4.5 4 5 28.1589 0.47368 0.47368 1.15152 1.15152 1 1
3.5 4 5.5 5 6 22.5246 0.423377 0.423377 0.746349 0.746349 1 1
3.5 4 6.5 6 7 18.1333 0.377873 0.377873 0.606043 0.606043 1 1
3.5 4 7.5 7 8 13.8318 0.330332 0.330332 0.507345 0.507345 1 1
3.5 4 8.5 8 9 10.9149 0.291156 0.291156 0.375185 0.375185 1 1
3.5 4 9.5 9 10 8.23024 0.251199 0.251199 0.314628 0.314628 1 1
3.5 4 10.5 10 11 6.46464 0.218216 0.218216 0.207073 0.207073 1 1
3.5 4 11.5 11 12 4.40758 0.181161 0.181161 0.159461 0.159461 1 1
3.5 4 12.5 12 13 3.20221 0.155346 0.155346 0.105677 0.105677 1 1
3.5 4 13.5 13 14 2.75754 0.140316 0.140316 0.0930097 0.0930097 1 1
3.5 4 14.5 14 15 1.80947 0.116412 0.116412 0.0798862 0.0798862 1 1
3.5 4 15.5 15 16 1.26404 0.0991188 0.0991188 0.0484265 0.0484265 1 1
3.5 4 16.5 16 17 1.25988 0.0993375 0.0993375 0.0636382 0.0636382 1 1
3.5 4 17.5 17 18 0.814898 0.084188 0.084188 0.0300196 0.0300196 1 1
3.5 4 18.5 18 19 0.440702 0.0638688 0.0638688 0.0366499 0.0366499 1 1
3.5 4 19.5 19 20 0.404303 0.063378 0.063378 0.0259074 0.0259074 1 1
3.5 4 22.5 20 25 0.150221 0.017457 0.017457 0.00506143 0.00506143 1 1
