2.5 3 0.5 0 1 955 9 9 12 12 1 1
2.5 3 1.5 1 2 1876 12 12 17 17 1 1
2.5 3 2.5 2 3 1612 10 10 15 15 1 1
2.5 3 3.5 3 4 1055 7 7 12 12 1 1
2.5 3 4.5 4 5 586 5 5 7 7 1 1
2.5 3 5.5 5 6 342 3 3 4 4 1 1
2.5 3 6.5 6 7 180.3 2.1 2.1 2.8 2.8 1 1
2.5 3 7.5 7 8 96.7 1.5 1.5 1.8 1.8 1 1
2.5 3 8.5 8 9 56.8 1.1 1.1 1.4 1.4 1 1
2.5 3 9.5 9 10 34.6 0.9 0.9 1 1 1 1
2.5 3 10.5 10 11 19.5 0.6 0.6 0.7 0.7 1 1
2.5 3 11.5 11 12 12.7 0.5 0.5 0.6 0.6 1 1
2.5 3 12.5 12 13 7.2 0.4 0.4 0.4 0.4 1 1
2.5 3 13.5 13 14 5.8 0.4 0.4 0.4 0.4 1 1
