3.5 4 0.5 0 1 44.9156 0.552532 0.552532 2.02582 2.02582 1 1
3.5 4 1.5 1 2 112.096 0.863701 0.863701 3.59549 3.59549 1 1
3.5 4 2.5 2 3 137.017 0.951811 0.951811 4.62262 4.62262 1 1
3.5 4 3.5 3 4 133.492 0.939004 0.939004 4.2785 4.2785 1 1
3.5 4 4.5 4 5 115.117 0.876408 0.876408 3.989 3.989 1 1
3.5 4 5.5 5 6 89.2242 0.772452 0.772452 2.88 2.88 1 1
3.5 4 6.5 6 7 67.972 0.672555 0.672555 2.19377 2.19377 1 1
3.5 4 7.5 7 8 49.9054 0.5758 0.5758 1.63336 1.63336 1 1
3.5 4 8.5 8 9 35.485 0.483904 0.483904 1.14624 1.14624 1 1
3.5 4 9.5 9 10 26.1977 0.411982 0.411982 0.864137 0.864137 1 1
3.5 4 10.5 10 11 17.9871 0.336173 0.336173 0.573824 0.573824 1 1
3.5 4 11.5 11 12 13.097 0.287612 0.287612 0.44228 0.44228 1 1
3.5 4 12.5 12 13 9.36682 0.243615 0.243615 0.302969 0.302969 1 1
3.5 4 13.5 13 14 6.93957 0.208152 0.208152 0.223019 0.223019 1 1
3.5 4 14.5 14 15 4.50191 0.169692 0.169692 0.160168 0.160168 1 1
3.5 4 15.5 15 16 3.35619 0.147279 0.147279 0.112833 0.112833 1 1
3.5 4 16.5 16 17 2.49944 0.129262 0.129262 0.097887 0.097887 1 1
3.5 4 17.5 17 18 1.84137 0.117451 0.117451 0.0601357 0.0601357 1 1
3.5 4 18.5 18 19 1.16666 0.0936199 0.0936199 0.0617836 0.0617836 1 1
3.5 4 19.5 19 20 0.800195 0.0818301 0.0818301 0.045317 0.045317 1 1
3.5 4 22.5 20 25 0.374102 0.0246889 0.0246889 0.0120479 0.0120479 1 1
