2 2.5 0.5 0 1 19.09 1.26 1.26 1.29 1.29 1 1
2 2.5 1.5 1 2 51.52 2.06 2.06 3.43 3.43 1 1
2 2.5 2.5 2 3 65.75 2.33 2.33 4.33 4.33 1 1
2 2.5 3.5 3 4 71.64 2.44 2.44 4.76 4.76 1 1
2 2.5 4.5 4 5 68.54 2.36 2.36 4.43 4.43 1 1
2 2.5 5.5 5 6 61.05 2.23 2.23 4.05 4.05 1 1
2 2.5 6.5 6 7 59.77 2.22 2.22 3.78 3.78 1 1
2 2.5 7.5 7 8 46.04 1.94 1.94 3.03 3.03 1 1
2 2.5 8.5 8 9 37.33 1.76 1.76 2.43 2.43 1 1
2 2.5 9.5 9 10 30.18 1.52 1.52 1.98 1.98 1 1
2 2.5 10.5 10 11 23.97 1.32 1.32 1.66 1.66 1 1
2 2.5 11.5 11 12 19.99 1.17 1.17 1.41 1.41 1 1
2 2.5 12.5 12 13 16.85 1.03 1.03 1.19 1.19 1 1
2 2.5 13.5 13 14 12.67 0.94 0.94 0.92 0.92 1 1
2 2.5 14.5 14 15 9.61 0.75 0.75 0.71 0.71 1 1
2 2.5 15.5 15 16 7.93 0.66 0.66 0.58 0.58 1 1
2 2.5 16.5 16 17 5.82 0.55 0.55 0.43 0.43 1 1
2 2.5 17.5 17 18 4.77 0.48 0.48 0.37 0.37 1 1
2 2.5 18.5 18 19 4.07 0.42 0.42 0.31 0.31 1 1
2 2.5 19.5 19 20 3.84 0.39 0.39 0.31 0.31 1 1
2 2.5 21 20 22 2.05 0.2 0.2 0.16 0.16 1 1
2 2.5 23 22 24 1.77 0.18 0.18 0.14 0.14 1 1
2 2.5 25 24 26 0.85 0.12 0.12 0.07 0.07 1 1
2 2.5 28 26 30 0.47 0.06 0.06 0.04 0.04 1 1
