3.5 4 0.5 0 1 14.71 0.83 0.83 1.26 1.26 1 1
3.5 4 1.5 1 2 36.04 1.33 1.33 3.25 3.25 1 1
3.5 4 2.5 2 3 47.3 1.52 1.52 4.04 4.04 1 1
3.5 4 3.5 3 4 53.9 1.59 1.59 4.38 4.38 1 1
3.5 4 4.5 4 5 48.37 1.5 1.5 4.04 4.04 1 1
3.5 4 5.5 5 6 41.41 1.37 1.37 3.31 3.31 1 1
3.5 4 6.5 6 7 36.43 1.26 1.26 2.98 2.98 1 1
3.5 4 7.5 7 8 29.84 1.14 1.14 2.33 2.33 1 1
3.5 4 8.5 8 9 23.17 0.97 0.97 1.99 1.99 1 1
3.5 4 9.5 9 10 19.29 0.84 0.84 1.64 1.64 1 1
3.5 4 10.5 10 11 14.81 0.71 0.71 1.27 1.27 1 1
3.5 4 11.5 11 12 10.44 0.59 0.59 0.93 0.93 1 1
3.5 4 12.5 12 13 8.3 0.52 0.52 0.75 0.75 1 1
3.5 4 13.5 13 14 6.55 0.44 0.44 0.62 0.62 1 1
3.5 4 14.5 14 15 5.07 0.39 0.39 0.47 0.47 1 1
3.5 4 15.5 15 16 3.43 0.34 0.34 0.35 0.35 1 1
3.5 4 16.5 16 17 2.39 0.27 0.27 0.25 0.25 1 1
3.5 4 17.5 17 18 2.44 0.27 0.27 0.27 0.27 1 1
3.5 4 18.5 18 19 1.64 0.23 0.23 0.18 0.18 1 1
3.5 4 19.5 19 20 1.58 0.2 0.2 0.19 0.19 1 1
3.5 4 22.5 20 25 0.83 0.07 0.07 0.09 0.09 1 1
3.5 4 27.5 25 30 0.3 0.05 0.05 0.04 0.04 1 1
